4119	1
3472	2
498	3
946	4
1911	5
6474	6
3027	7
203	8
4282	9
6625	10
4974	11
143	12
1692	13
654	14
5116	15
3165	16
2553	17
629	18
2134	19
539	20
2357	21
8185	22
1155	23
3148	24
6428	25
1859	26
790	27
6167	28
2570	29
2028	30
2514	31
3876	32
2634	33
6056	34
256	35
1173	36
4196	37
3866	38
6396	39
7372	40
736	41
114	42
7594	43
362	44
450	45
3509	46
2648	47
5747	48
994	49
6250	50
429	51
6094	52
8791	53
272	54
8625	55
8116	56
2744	57
6639	58
1797	59
7326	60
1644	61
6440	62
4833	63
2086	64
3757	65
2368	66
625	67
5587	68
3839	69
5046	70
4063	71
8688	72
1746	73
1022	74
5192	75
3387	76
4433	77
261	78
4622	79
3507	80
6240	81
2143	82
1773	83
7793	84
4925	85
3639	86
5188	87
5333	88
3900	89
6728	90
1333	91
4502	92
3285	93
4798	94
2612	95
6366	96
5656	97
1062	98
6091	99
5922	100
8719	101
7469	102
4619	103
390	104
1388	105
209	106
5664	107
452	108
925	109
7539	110
8220	111
1189	112
2187	113
5320	114
5773	115
5716	116
516	117
3491	118
5108	119
4877	120
1093	121
7208	122
7143	123
8244	124
5190	125
2873	126
5544	127
5140	128
110	129
836	130
5719	131
5277	132
5831	133
5538	134
4825	135
3497	136
6594	137
3071	138
7748	139
331	140
8574	141
79	142
5627	143
4573	144
7771	145
7108	146
4918	147
5344	148
644	149
5365	150
2016	151
2986	152
2176	153
2701	154
6742	155
3545	156
5619	157
6312	158
3249	159
6991	160
1436	161
3185	162
2204	163
7396	164
96	165
2641	166
3981	167
5303	168
3350	169
299	170
4429	171
107	172
1378	173
7936	174
6322	175
4879	176
813	177
8685	178
739	179
8054	180
8601	181
828	182
2026	183
4699	184
144	185
6337	186
8821	187
7429	188
4518	189
578	190
5064	191
4124	192
1	193
3763	194
372	195
159	196
1087	197
8533	198
394	199
6652	200
350	201
7399	202
816	203
3684	204
73	205
208	206
3578	207
4438	208
4726	209
3112	210
8593	211
7649	212
10	213
772	214
6541	215
13	216
2375	217
4205	218
610	219
1870	220
7586	221
3368	222
106	223
4258	224
5015	225
7579	226
8140	227
200	228
2715	229
4758	230
1542	231
5167	232
2321	233
5586	234
375	235
762	236
494	237
3450	238
3505	239
6006	240
7414	241
4873	242
2212	243
6548	244
7943	245
989	246
1623	247
49	248
8575	249
2903	250
5651	251
1750	252
7184	253
6691	254
276	255
809	256
4575	257
56	258
260	259
5332	260
104	261
8290	262
4835	263
3551	264
6569	265
4268	266
2366	267
8441	268
2	269
5484	270
3977	271
3968	272
6482	273
2821	274
4159	275
667	276
1405	277
1763	278
6630	279
852	280
815	281
2930	282
568	283
4583	284
1886	285
211	286
6919	287
5749	288
5142	289
5875	290
8200	291
1893	292
4117	293
5740	294
3836	295
4461	296
7646	297
3138	298
6146	299
5474	300
3665	301
399	302
639	303
330	304
415	305
4173	306
8115	307
6417	308
2325	309
862	310
7807	311
3740	312
2956	313
6831	314
8168	315
1607	316
1835	317
6130	318
9	319
8745	320
4198	321
214	322
4068	323
57	324
6278	325
2296	326
5087	327
4884	328
2591	329
8640	330
93	331
2105	332
865	333
8381	334
4464	335
2921	336
4217	337
258	338
5834	339
2465	340
2946	341
8087	342
277	343
3119	344
3106	345
6682	346
5810	347
3354	348
8393	349
6181	350
6610	351
2942	352
8485	353
543	354
6815	355
5311	356
366	357
1248	358
1070	359
7837	360
4693	361
2637	362
7077	363
1522	364
3312	365
6984	366
6016	367
518	368
2235	369
5427	370
1	371
973	372
8090	373
1160	374
3837	375
6013	376
1888	377
942	378
785	379
4403	380
3809	381
1303	382
419	383
2589	384
1002	385
5434	386
4437	387
2542	388
1964	389
95	390
8117	391
2642	392
8804	393
5454	394
948	395
1255	396
4127	397
3677	398
4034	399
905	400
1054	401
5862	402
810	403
7046	404
1764	405
1795	406
263	407
2523	408
6009	409
5906	410
2988	411
5092	412
4189	413
5120	414
1736	415
873	416
7432	417
4569	418
5045	419
462	420
4916	421
3520	422
8619	423
1019	424
6597	425
1445	426
7427	427
1577	428
7864	429
7361	430
1513	431
695	432
4351	433
473	434
417	435
5707	436
8549	437
5724	438
7701	439
5910	440
1126	441
2863	442
6723	443
6703	444
1456	445
1015	446
497	447
4442	448
8437	449
769	450
508	451
5143	452
7064	453
1359	454
4827	455
8702	456
1141	457
2665	458
879	459
3181	460
936	461
5566	462
1447	463
4343	464
5299	465
7039	466
1651	467
4395	468
5561	469
6012	470
3382	471
7224	472
7241	473
7687	474
3098	475
5945	476
3095	477
7220	478
6930	479
8500	480
7662	481
8637	482
282	483
1028	484
5349	485
8084	486
13	487
3369	488
7902	489
3681	490
2700	491
3862	492
8508	493
729	494
7089	495
7982	496
2739	497
3608	498
6647	499
944	500
7696	501
2860	502
4843	503
8594	504
5418	505
8749	506
8163	507
7734	508
8109	509
8662	510
5302	511
7489	512
6777	513
2323	514
7927	515
4386	516
8260	517
4637	518
4601	519
523	520
5310	521
7138	522
3643	523
3597	524
5993	525
8383	526
6908	527
6275	528
5535	529
1660	530
3596	531
535	532
517	533
4333	534
5014	535
7631	536
5754	537
2065	538
7144	539
6631	540
618	541
8426	542
5357	543
400	544
6797	545
7384	546
8418	547
2070	548
1019	549
1490	550
3203	551
148	552
2015	553
1831	554
184	555
3978	556
7443	557
573	558
4400	559
4463	560
3140	561
3904	562
8078	563
711	564
1536	565
4038	566
998	567
233	568
8824	569
3241	570
5440	571
1032	572
3213	573
2970	574
405	575
686	576
2479	577
7624	578
3680	579
8633	580
376	581
5825	582
2343	583
1871	584
2977	585
3863	586
2281	587
4812	588
7204	589
8291	590
1726	591
752	592
4278	593
4616	594
7678	595
4032	596
6670	597
418	598
7740	599
3759	600
150	601
6405	602
266	603
3846	604
3076	605
5376	606
6457	607
2330	608
6671	609
5314	610
4440	611
1312	612
4679	613
274	614
72	615
87	616
1195	617
7971	618
239	619
6319	620
5572	621
3230	622
8509	623
89	624
7656	625
4500	626
3605	627
2058	628
525	629
3260	630
2674	631
2539	632
7663	633
8095	634
6391	635
7963	636
7117	637
1896	638
999	639
7444	640
4018	641
8699	642
28	643
302	644
2152	645
7099	646
760	647
4155	648
7822	649
3787	650
4342	651
8027	652
6350	653
1798	654
7126	655
633	656
524	657
2280	658
5362	659
793	660
511	661
6052	662
2380	663
4612	664
2876	665
3388	666
1399	667
2269	668
8205	669
8065	670
8179	671
4381	672
106	673
4655	674
8678	675
4670	676
220	677
6072	678
4010	679
8018	680
5010	681
8612	682
2147	683
7353	684
378	685
694	686
3668	687
3835	688
4100	689
2024	690
30	691
223	692
1556	693
5433	694
1488	695
4824	696
5229	697
5109	698
1274	699
5962	700
4046	701
6449	702
1025	703
1701	704
5420	705
1166	706
5678	707
1050	708
7104	709
2630	710
1806	711
7961	712
2614	713
6834	714
5202	715
5830	716
4166	717
8762	718
5038	719
6172	720
279	721
4695	722
6069	723
151	724
5684	725
2244	726
3670	727
1331	728
3686	729
751	730
4665	731
5865	732
1086	733
5838	734
755	735
1099	736
923	737
1024	738
625	739
4735	740
1365	741
8630	742
8334	743
740	744
7652	745
2251	746
3854	747
7922	748
7840	749
2477	750
5068	751
6173	752
2259	753
115	754
7627	755
7153	756
1917	757
6199	758
5999	759
6473	760
2227	761
3327	762
28	763
3970	764
5951	765
2669	766
2205	767
736	768
6889	769
8075	770
4745	771
5061	772
2670	773
608	774
5394	775
7886	776
53	777
5858	778
7016	779
3986	780
3254	781
540	782
594	783
6763	784
5438	785
7846	786
7233	787
8283	788
965	789
2804	790
5249	791
6604	792
5029	793
8670	794
6262	795
4938	796
8020	797
157	798
4204	799
412	800
3464	801
367	802
7019	803
4595	804
340	805
4365	806
7820	807
4108	808
5973	809
8391	810
2899	811
85	812
7259	813
6228	814
2425	815
1944	816
35	817
5373	818
878	819
4167	820
6488	821
2938	822
1337	823
783	824
3631	825
4620	826
7566	827
1234	828
826	829
3868	830
7592	831
7816	832
5028	833
8353	834
12	835
6037	836
7213	837
6636	838
3671	839
2975	840
3139	841
5275	842
88	843
3318	844
6789	845
312	846
208	847
2923	848
5279	849
2230	850
5293	851
7854	852
853	853
1394	854
1712	855
1030	856
391	857
6078	858
1657	859
8354	860
5204	861
1194	862
4070	863
940	864
7764	865
4850	866
5327	867
8099	868
6958	869
3743	870
3941	871
2233	872
2009	873
5646	874
4981	875
297	876
3824	877
4675	878
6951	879
6956	880
6903	881
7291	882
2822	883
112	884
7401	885
1606	886
54	887
2305	888
5436	889
7725	890
2399	891
143	892
493	893
7598	894
8263	895
4121	896
6614	897
8021	898
8761	899
1413	900
2752	901
6895	902
991	903
5988	904
6785	905
33	906
74	907
70	908
2561	909
4855	910
390	911
3534	912
1154	913
2450	914
5578	915
699	916
6035	917
2529	918
6943	919
78	920
6918	921
5573	922
8	923
6707	924
3679	925
5330	926
1034	927
108	928
2814	929
3191	930
75	931
7796	932
8413	933
7367	934
4791	935
3014	936
5784	937
5103	938
5315	939
2968	940
4626	941
780	942
4902	943
7494	944
3454	945
1236	946
483	947
8005	948
3999	949
5889	950
3153	951
20	952
2579	953
6412	954
5920	955
3320	956
411	957
6506	958
6959	959
3288	960
8531	961
7939	962
458	963
1989	964
5533	965
6188	966
5641	967
1938	968
3659	969
2095	970
1707	971
6316	972
6628	973
8546	974
6947	975
634	976
5328	977
7841	978
2153	979
7853	980
7679	981
19	982
2817	983
617	984
5673	985
2522	986
8279	987
1935	988
8017	989
6822	990
514	991
3982	992
6105	993
412	994
4341	995
6	996
320	997
5106	998
154	999
4800	1000
2855	1001
2458	1002
1585	1003
1441	1004
487	1005
6100	1006
3776	1007
3840	1008
174	1009
8730	1010
6565	1011
3150	1012
3244	1013
5491	1014
7411	1015
6193	1016
7168	1017
6738	1018
7708	1019
5473	1020
6373	1021
3299	1022
5655	1023
4826	1024
2464	1025
1583	1026
1117	1027
7873	1028
2922	1029
6208	1030
2546	1031
6826	1032
2635	1033
5240	1034
2667	1035
3524	1036
6407	1037
758	1038
2951	1039
1812	1040
7648	1041
7015	1042
8164	1043
7617	1044
1237	1045
1979	1046
8389	1047
3638	1048
4227	1049
1615	1050
336	1051
2989	1052
1420	1053
1354	1054
7856	1055
8731	1056
899	1057
3059	1058
2554	1059
8277	1060
8062	1061
599	1062
6079	1063
8725	1064
6615	1065
3430	1066
464	1067
9	1068
571	1069
3728	1070
1507	1071
124	1072
8339	1073
6418	1074
1006	1075
4668	1076
4533	1077
5806	1078
3017	1079
300	1080
7286	1081
6198	1082
510	1083
341	1084
8628	1085
7609	1086
6455	1087
842	1088
4678	1089
1884	1090
4211	1091
3093	1092
2395	1093
1727	1094
6544	1095
3408	1096
462	1097
1425	1098
4353	1099
2342	1100
6603	1101
3012	1102
1449	1103
787	1104
1385	1105
7541	1106
2122	1107
8106	1108
3687	1109
4949	1110
1295	1111
5616	1112
6529	1113
307	1114
874	1115
8453	1116
596	1117
8748	1118
8128	1119
23	1120
8811	1121
1772	1122
6251	1123
3246	1124
5400	1125
7903	1126
359	1127
5822	1128
7769	1129
8732	1130
7882	1131
1799	1132
7639	1133
3419	1134
4130	1135
8096	1136
67	1137
7576	1138
7642	1139
5582	1140
58	1141
1465	1142
2067	1143
1842	1144
50	1145
5070	1146
2331	1147
86	1148
4154	1149
3565	1150
4457	1151
7364	1152
8327	1153
931	1154
4797	1155
291	1156
2285	1157
7190	1158
6218	1159
2107	1160
2335	1161
6627	1162
5735	1163
7407	1164
8091	1165
847	1166
628	1167
5695	1168
1300	1169
3088	1170
858	1171
122	1172
4354	1173
551	1174
8156	1175
4479	1176
4375	1177
193	1178
1434	1179
65	1180
8344	1181
770	1182
3527	1183
6896	1184
3475	1185
557	1186
7354	1187
180	1188
1053	1189
1059	1190
1049	1191
1720	1192
1346	1193
5269	1194
81	1195
448	1196
5848	1197
4424	1198
841	1199
1191	1200
7500	1201
3174	1202
5047	1203
4323	1204
7393	1205
8206	1206
4698	1207
7342	1208
8150	1209
1023	1210
3537	1211
5829	1212
7987	1213
1770	1214
5177	1215
8567	1216
62	1217
6211	1218
904	1219
4780	1220
4844	1221
4019	1222
5797	1223
880	1224
5909	1225
596	1226
5318	1227
5465	1228
4994	1229
699	1230
101	1231
8281	1232
2535	1233
7195	1234
2592	1235
1771	1236
1150	1237
7296	1238
8819	1239
5208	1240
64	1241
292	1242
4893	1243
7122	1244
8492	1245
7705	1246
5268	1247
5917	1248
604	1249
1083	1250
926	1251
4017	1252
4530	1253
3820	1254
1774	1255
6343	1256
8810	1257
5932	1258
939	1259
7268	1260
2668	1261
6799	1262
4871	1263
4471	1264
279	1265
4174	1266
5504	1267
7087	1268
5953	1269
560	1270
5625	1271
996	1272
8043	1273
1494	1274
6887	1275
1351	1276
3289	1277
3619	1278
5720	1279
7507	1280
8176	1281
1762	1282
2673	1283
437	1284
173	1285
6878	1286
8532	1287
8772	1288
4160	1289
5846	1290
876	1291
512	1292
4406	1293
3065	1294
6095	1295
7650	1296
7487	1297
5606	1298
5336	1299
2063	1300
7269	1301
6584	1302
6890	1303
2340	1304
2467	1305
7602	1306
2472	1307
1036	1308
325	1309
7133	1310
3682	1311
459	1312
1483	1313
427	1314
2112	1315
8666	1316
5352	1317
6751	1318
5827	1319
2828	1320
7738	1321
5359	1322
3294	1323
387	1324
5493	1325
8487	1326
4340	1327
404	1328
4836	1329
1581	1330
2727	1331
2676	1332
3295	1333
4772	1334
7196	1335
280	1336
3470	1337
612	1338
2406	1339
469	1340
5738	1341
6562	1342
7152	1343
681	1344
2837	1345
3710	1346
497	1347
1541	1348
3325	1349
5151	1350
1258	1351
1767	1352
982	1353
707	1354
6034	1355
1459	1356
756	1357
6332	1358
1416	1359
96	1360
2173	1361
6866	1362
97	1363
469	1364
949	1365
8046	1366
6272	1367
6247	1368
1817	1369
2207	1370
148	1371
8754	1372
726	1373
7692	1374
536	1375
3572	1376
5668	1377
8727	1378
165	1379
15	1380
185	1381
4624	1382
7588	1383
4225	1384
7028	1385
1314	1386
1668	1387
2098	1388
721	1389
6386	1390
4691	1391
2926	1392
7283	1393
6788	1394
6688	1395
7446	1396
157	1397
1219	1398
3600	1399
8376	1400
5876	1401
167	1402
1930	1403
4076	1404
7438	1405
773	1406
850	1407
6434	1408
1571	1409
5892	1410
7238	1411
7044	1412
868	1413
2405	1414
3036	1415
741	1416
2452	1417
6783	1418
901	1419
7503	1420
4379	1421
1685	1422
3154	1423
6499	1424
1687	1425
7619	1426
1171	1427
6641	1428
4535	1429
7352	1430
1136	1431
4101	1432
6053	1433
7159	1434
746	1435
8611	1436
7512	1437
988	1438
8409	1439
7867	1440
1846	1441
5174	1442
6821	1443
1409	1444
6480	1445
8686	1446
778	1447
1395	1448
4430	1449
5185	1450
983	1451
3974	1452
2150	1453
877	1454
5554	1455
619	1456
6550	1457
4417	1458
6678	1459
4993	1460
2047	1461
4171	1462
89	1463
5736	1464
264	1465
1709	1466
7473	1467
5873	1468
4366	1469
2075	1470
8217	1471
6734	1472
5871	1473
6263	1474
4218	1475
1152	1476
3963	1477
3426	1478
3042	1479
4774	1480
7908	1481
5435	1482
4505	1483
4531	1484
6119	1485
1151	1486
8467	1487
3206	1488
4647	1489
8687	1490
6690	1491
5104	1492
2102	1493
6933	1494
981	1495
603	1496
6496	1497
827	1498
5082	1499
105	1500
2482	1501
8406	1502
433	1503
682	1504
728	1505
2417	1506
8716	1507
5186	1508
8427	1509
6717	1510
6309	1511
6907	1512
2790	1513
1605	1514
4245	1515
4998	1516
6450	1517
6047	1518
502	1519
2632	1520
748	1521
1298	1522
8152	1523
854	1524
4912	1525
7290	1526
1999	1527
8124	1528
4711	1529
754	1530
7051	1531
8773	1532
7766	1533
2631	1534
5560	1535
6582	1536
4728	1537
5377	1538
108	1539
6274	1540
737	1541
5149	1542
2889	1543
210	1544
3881	1545
4749	1546
7303	1547
2378	1548
326	1549
713	1550
4839	1551
6380	1552
458	1553
642	1554
7881	1555
506	1556
5113	1557
2194	1558
7904	1559
7731	1560
674	1561
3615	1562
8737	1563
3226	1564
2254	1565
4604	1566
806	1567
6048	1568
7762	1569
3969	1570
246	1571
8785	1572
2174	1573
3187	1574
6403	1575
6321	1576
5450	1577
2760	1578
7163	1579
6087	1580
8585	1581
4985	1582
8654	1583
2455	1584
1678	1585
2627	1586
4412	1587
4613	1588
5004	1589
7660	1590
2887	1591
4582	1592
113	1593
4524	1594
5686	1595
6697	1596
4671	1597
7711	1598
678	1599
3702	1600
3022	1601
7513	1602
2735	1603
4738	1604
835	1605
2615	1606
1885	1607
5090	1608
491	1609
2952	1610
1926	1611
2564	1612
8203	1613
4915	1614
7651	1615
1265	1616
2326	1617
7524	1618
4468	1619
1970	1620
3094	1621
4200	1622
7799	1623
8125	1624
687	1625
3376	1626
495	1627
44	1628
8554	1629
2505	1630
7261	1631
214	1632
8	1633
999	1634
1972	1635
5211	1636
8294	1637
2201	1638
2787	1639
8345	1640
2008	1641
7784	1642
548	1643
6388	1644
2407	1645
6988	1646
720	1647
6392	1648
6517	1649
3265	1650
2377	1651
7814	1652
5568	1653
947	1654
2064	1655
6713	1656
7031	1657
2294	1658
1899	1659
7901	1660
1477	1661
8059	1662
5954	1663
3851	1664
592	1665
7216	1666
1975	1667
2929	1668
176	1669
3802	1670
8539	1671
5994	1672
5122	1673
7275	1674
6213	1675
7953	1676
684	1677
3871	1678
5276	1679
693	1680
3942	1681
3896	1682
3443	1683
501	1684
4510	1685
7431	1686
4729	1687
719	1688
3035	1689
3625	1690
7304	1691
7508	1692
397	1693
1791	1694
8750	1695
866	1696
5133	1697
5809	1698
6938	1699
1316	1700
6781	1701
7907	1702
716	1703
8823	1704
1112	1705
834	1706
3301	1707
7681	1708
3136	1709
1510	1710
25	1711
5154	1712
621	1713
6522	1714
430	1715
3833	1716
122	1717
6870	1718
8571	1719
1811	1720
2618	1721
8587	1722
7362	1723
1133	1724
4297	1725
7979	1726
6689	1727
8400	1728
763	1729
7118	1730
6609	1731
6779	1732
7491	1733
1448	1734
2172	1735
6180	1736
7300	1737
6489	1738
413	1739
717	1740
5837	1741
5894	1742
8247	1743
7930	1744
7710	1745
6883	1746
3655	1747
728	1748
8324	1749
6339	1750
4014	1751
3108	1752
605	1753
2958	1754
6667	1755
3347	1756
7479	1757
600	1758
2056	1759
3944	1760
2141	1761
1898	1762
3547	1763
7243	1764
92	1765
8660	1766
372	1767
3276	1768
2737	1769
8557	1770
712	1771
6776	1772
604	1773
1299	1774
1910	1775
1832	1776
4394	1777
177	1778
5476	1779
5141	1780
7850	1781
916	1782
298	1783
4356	1784
183	1785
5138	1786
2984	1787
8781	1788
6567	1789
6986	1790
1033	1791
631	1792
1468	1793
1435	1794
83	1795
6394	1796
8094	1797
8113	1798
2310	1799
8375	1800
3604	1801
6347	1802
221	1803
6583	1804
678	1805
34	1806
1528	1807
6787	1808
4044	1809
8478	1810
2344	1811
1297	1812
3204	1813
1334	1814
6960	1815
2297	1816
5995	1817
8787	1818
2978	1819
704	1820
7348	1821
3844	1822
109	1823
1569	1824
8311	1825
712	1826
2969	1827
4959	1828
8239	1829
4737	1830
761	1831
1366	1832
5634	1833
7483	1834
3549	1835
5215	1836
8693	1837
192	1838
4478	1839
4540	1840
1243	1841
6494	1842
1283	1843
5067	1844
795	1845
6817	1846
4854	1847
5263	1848
2558	1849
907	1850
4350	1851
3630	1852
4491	1853
53	1854
545	1855
3375	1856
826	1857
4945	1858
245	1859
4426	1860
1202	1861
2532	1862
7715	1863
5078	1864
3242	1865
3381	1866
5808	1867
1418	1868
2328	1869
2154	1870
5052	1871
8454	1872
8373	1873
7827	1874
769	1875
2699	1876
1311	1877
8265	1878
6512	1879
5182	1880
7322	1881
1360	1882
4193	1883
2151	1884
932	1885
3045	1886
5760	1887
680	1888
3526	1889
6221	1890
2582	1891
6977	1892
2012	1893
426	1894
7188	1895
7176	1896
2941	1897
850	1898
3218	1899
6422	1900
7082	1901
2474	1902
8617	1903
1048	1904
2601	1905
1850	1906
268	1907
1347	1908
7722	1909
5971	1910
7072	1911
6470	1912
145	1913
4270	1914
1679	1915
7621	1916
553	1917
1959	1918
6624	1919
6227	1920
2816	1921
2082	1922
5761	1923
759	1924
2489	1925
856	1926
7380	1927
898	1928
8502	1929
5324	1930
2006	1931
5679	1932
6018	1933
2096	1934
6222	1935
6540	1936
4566	1937
1229	1938
1035	1939
8651	1940
3875	1941
5147	1942
5415	1943
7329	1944
1838	1945
5694	1946
1370	1947
3562	1948
851	1949
74	1950
6746	1951
731	1952
524	1953
320	1954
1567	1955
3239	1956
6352	1957
2283	1958
3873	1959
186	1960
1009	1961
5630	1962
1222	1963
2456	1964
546	1965
823	1966
2761	1967
6364	1968
134	1969
8564	1970
1411	1971
828	1972
6205	1973
2664	1974
4769	1975
3134	1976
7265	1977
7699	1978
3393	1979
2666	1980
695	1981
7707	1982
1313	1983
7311	1984
5449	1985
2874	1986
4864	1987
193	1988
4281	1989
3540	1990
310	1991
6067	1992
7189	1993
7113	1994
4090	1995
8647	1996
1950	1997
5065	1998
4926	1999
2694	2000
1936	2001
5575	2002
252	2003
477	2004
7398	2005
7774	2006
342	2007
895	2008
43	2009
4577	2010
739	2011
1558	2012
962	2013
2209	2014
2742	2015
7776	2016
2350	2017
5987	2018
3586	2019
8597	2020
6269	2021
6664	2022
6998	2023
3194	2024
4666	2025
7511	2026
7150	2027
6836	2028
368	2029
6357	2030
3762	2031
5230	2032
3511	2033
1075	2034
5284	2035
1010	2036
3789	2037
2920	2038
4116	2039
992	2040
4522	2041
4073	2042
6118	2043
2751	2044
6384	2045
5430	2046
448	2047
8722	2048
1077	2049
1538	2050
7333	2051
2732	2052
2720	2053
2333	2054
6571	2055
5431	2056
7394	2057
4563	2058
7636	2059
6612	2060
4773	2061
5335	2062
1618	2063
7032	2064
5339	2065
7955	2066
4290	2067
64	2068
332	2069
8100	2070
3360	2071
2175	2072
2504	2073
6516	2074
6239	2075
575	2076
56	2077
955	2078
369	2079
5570	2080
566	2081
562	2082
4838	2083
6897	2084
6424	2085
1889	2086
4202	2087
5501	2088
5244	2089
576	2090
2915	2091
5319	2092
6692	2093
1476	2094
6800	2095
6999	2096
5710	2097
4581	2098
4558	2099
6658	2100
5960	2101
8045	2102
8742	2103
538	2104
3856	2105
7788	2106
5731	2107
7567	2108
134	2109
2731	2110
2361	2111
4682	2112
2781	2113
8404	2114
6617	2115
5347	2116
3731	2117
1192	2118
8275	2119
149	2120
8272	2121
4819	2122
6504	2123
4781	2124
8789	2125
2373	2126
4060	2127
8197	2128
8695	2129
8341	2130
3268	2131
3585	2132
3516	2133
4292	2134
1855	2135
8537	2136
2897	2137
5055	2138
1402	2139
3948	2140
3656	2141
776	2142
2494	2143
8153	2144
2408	2145
6280	2146
837	2147
977	2148
2057	2149
8085	2150
7386	2151
5262	2152
913	2153
5100	2154
5883	2155
1318	2156
5118	2157
616	2158
5978	2159
556	2160
3292	2161
5714	2162
8515	2163
8743	2164
5210	2165
5374	2166
2512	2167
7387	2168
972	2169
5981	2170
708	2171
663	2172
3828	2173
5397	2174
3386	2175
3508	2176
579	2177
3960	2178
8349	2179
1428	2180
1207	2181
1294	2182
3822	2183
8	2184
295	2185
2374	2186
38	2187
1073	2188
2218	2189
513	2190
4933	2191
8366	2192
8225	2193
5654	2194
49	2195
4129	2196
6341	2197
6606	2198
2722	2199
7644	2200
352	2201
7179	2202
502	2203
997	2204
8295	2205
4428	2206
8814	2207
3666	2208
696	2209
8033	2210
2142	2211
7258	2212
6828	2213
3169	2214
2013	2215
2441	2216
4053	2217
640	2218
4446	2219
3480	2220
210	2221
3532	2222
1843	2223
5672	2224
2507	2225
1943	2226
7847	2227
6635	2228
20	2229
161	2230
3006	2231
4318	2232
4919	2233
2301	2234
408	2235
4811	2236
4551	2237
776	2238
5049	2239
6292	2240
182	2241
7544	2242
440	2243
1960	2244
8196	2245
8330	2246
5382	2247
5451	2248
6427	2249
5745	2250
2	2251
552	2252
7166	2253
6698	2254
2692	2255
2919	2256
2469	2257
5521	2258
7063	2259
5914	2260
6320	2261
2257	2262
6888	2263
2462	2264
315	2265
3724	2266
7951	2267
8673	2268
74	2269
8235	2270
4562	2271
766	2272
403	2273
6848	2274
1383	2275
2738	2276
7730	2277
2934	2278
2101	2279
304	2280
197	2281
4157	2282
270	2283
1965	2284
80	2285
2543	2286
1923	2287
918	2288
734	2289
6581	2290
675	2291
1120	2292
6993	2293
7237	2294
629	2295
3719	2296
85	2297
8475	2298
2892	2299
611	2300
666	2301
2345	2302
1815	2303
6845	2304
650	2305
2931	2306
5611	2307
3396	2308
3269	2309
95	2310
987	2311
4416	2312
4312	2313
3691	2314
5888	2315
6538	2316
4145	2317
322	2318
6708	2319
480	2320
4759	2321
3641	2322
1882	2323
127	2324
8213	2325
7060	2326
8402	2327
6202	2328
2114	2329
185	2330
8242	2331
6431	2332
7870	2333
4374	2334
821	2335
683	2336
301	2337
1205	2338
1924	2339
6124	2340
7723	2341
2708	2342
6460	2343
1381	2344
896	2345
4955	2346
8038	2347
7703	2348
2789	2349
1751	2350
305	2351
117	2352
3180	2353
4810	2354
702	2355
7582	2356
3032	2357
1848	2358
4030	2359
2714	2360
647	2361
8286	2362
726	2363
2261	2364
334	2365
8321	2366
941	2367
7526	2368
5460	2369
7033	2370
133	2371
2704	2372
5326	2373
8209	2374
2219	2375
1317	2376
2866	2377
6419	2378
246	2379
7295	2380
4007	2381
4784	2382
2454	2383
55	2384
3371	2385
23	2386
5041	2387
5615	2388
7096	2389
4321	2390
6085	2391
1978	2392
4659	2393
5712	2394
5051	2395
4328	2396
8419	2397
40	2398
6382	2399
7055	2400
5482	2401
887	2402
2645	2403
37	2404
155	2405
1663	2406
2966	2407
6408	2408
5815	2409
1971	2410
3081	2411
4163	2412
5787	2413
1458	2414
5518	2415
5452	2416
925	2417
5345	2418
4714	2419
215	2420
1594	2421
3117	2422
331	2423
2993	2424
6860	2425
1439	2426
2007	2427
1734	2428
7760	2429
1682	2430
8120	2431
8034	2432
8598	2433
8261	2434
3339	2435
5424	2436
8514	2437
1253	2438
8028	2439
1005	2440
3813	2441
5759	2442
5795	2443
8584	2444
7210	2445
71	2446
168	2447
8207	2448
3736	2449
8053	2450
3937	2451
163	2452
2337	2453
4	2454
597	2455
1162	2456
2785	2457
250	2458
2639	2459
2089	2460
1591	2461
5317	2462
6483	2463
7040	2464
8510	2465
8729	2466
6793	2467
730	2468
1752	2469
176	2470
8812	2471
351	2472
353	2473
534	2474
2196	2475
2110	2476
3158	2477
5527	2478
2178	2479
2046	2480
100	2481
882	2482
5857	2483
8783	2484
2536	2485
396	2486
8457	2487
4175	2488
4056	2489
7068	2490
8528	2491
8543	2492
6705	2493
8016	2494
7611	2495
3466	2496
1659	2497
7390	2498
8042	2499
7865	2500
6862	2501
1932	2502
6260	2503
4246	2504
263	2505
4221	2506
6745	2507
6552	2508
6246	2509
7768	2510
950	2511
6755	2512
42	2513
6559	2514
886	2515
5024	2516
175	2517
4970	2518
430	2519
4572	2520
233	2521
1111	2522
849	2523
6147	2524
1755	2525
4715	2526
4882	2527
6379	2528
7369	2529
453	2530
1287	2531
5950	2532
7921	2533
32	2534
8031	2535
8134	2536
5516	2537
3487	2538
2584	2539
2327	2540
3764	2541
5301	2542
7716	2543
2298	2544
8572	2545
8622	2546
2037	2547
445	2548
5939	2549
8649	2550
5653	2551
4615	2552
924	2553
2263	2554
2685	2555
1341	2556
111	2557
218	2558
4473	2559
814	2560
2130	2561
8000	2562
3674	2563
4229	2564
1598	2565
7549	2566
3156	2567
1305	2568
212	2569
1887	2570
3434	2571
7637	2572
7962	2573
803	2574
7749	2575
7140	2576
2961	2577
5274	2578
6362	2579
4636	2580
115	2581
1462	2582
3340	2583
8431	2584
6471	2585
4536	2586
6795	2587
961	2588
1500	2589
5741	2590
6531	2591
601	2592
4634	2593
5704	2594
7422	2595
2195	2596
2265	2597
5472	2598
5334	2599
1328	2600
3484	2601
1837	2602
3176	2603
353	2604
3841	2605
5723	2606
7250	2607
167	2608
6747	2609
3708	2610
1765	2611
3319	2612
6759	2613
313	2614
2113	2615
408	2616
4808	2617
3657	2618
7999	2619
5463	2620
1157	2621
8188	2622
5996	2623
4462	2624
5990	2625
1588	2626
4336	2627
6046	2628
3911	2629
1419	2630
5395	2631
2777	2632
7659	2633
4009	2634
7	2635
1683	2636
8098	2637
646	2638
2884	2639
4991	2640
4448	2641
3424	2642
45	2643
7053	2644
6003	2645
364	2646
12	2647
7620	2648
8369	2649
968	2650
308	2651
1502	2652
7202	2653
51	2654
6577	2655
8620	2656
6595	2657
2905	2658
3366	2659
6116	2660
806	2661
3955	2662
5252	2663
4829	2664
7468	2665
5607	2666
6902	2667
5826	2668
152	2669
4965	2670
83	2671
3100	2672
5398	2673
486	2674
4287	2675
1718	2676
7137	2677
7264	2678
1891	2679
8107	2680
1216	2681
6869	2682
8155	2683
4364	2684
375	2685
8608	2686
8318	2687
1355	2688
103	2689
1074	2690
6409	2691
2943	2692
5681	2693
1012	2694
7192	2695
2765	2696
8692	2697
6061	2698
4001	2699
307	2700
7116	2701
2338	2702
6629	2703
7294	2704
2252	2705
8076	2706
1412	2707
5187	2708
87	2709
17	2710
3163	2711
4765	2712
4006	2713
6811	2714
1139	2715
970	2716
7596	2717
5852	2718
4182	2719
3047	2720
1306	2721
6851	2722
6527	2723
1156	2724
8805	2725
5597	2726
7520	2727
6179	2728
6426	2729
2519	2730
406	2731
903	2732
4280	2733
3252	2734
1095	2735
1091	2736
1000	2737
5667	2738
1455	2739
4576	2740
3794	2741
1827	2742
916	2743
6802	2744
5150	2745
2705	2746
7292	2747
153	2748
1609	2749
1897	2750
5916	2751
7952	2752
5545	2753
693	2754
1023	2755
8752	2756
2994	2757
2074	2758
8280	2759
3349	2760
4944	2761
8224	2762
9	2763
6041	2764
7158	2765
151	2766
4002	2767
6578	2768
3885	2769
1067	2770
78	2771
546	2772
1551	2773
909	2774
3453	2775
3420	2776
1332	2777
3920	2778
7395	2779
6065	2780
3132	2781
7787	2782
1857	2783
1325	2784
3798	2785
4853	2786
1677	2787
4035	2788
305	2789
5936	2790
6082	2791
3431	2792
8118	2793
6773	2794
7595	2795
6906	2796
1393	2797
8337	2798
2229	2799
5000	2800
7540	2801
4568	2802
8466	2803
8014	2804
6608	2805
1301	2806
3737	2807
623	2808
1401	2809
5017	2810
6714	2811
1131	2812
745	2813
142	2814
4677	2815
8189	2816
7612	2817
4608	2818
398	2819
1650	2820
2191	2821
945	2822
5890	2823
423	2824
955	2825
8547	2826
583	2827
1014	2828
5670	2829
1670	2830
636	2831
2069	2832
8340	2833
5967	2834
3493	2835
897	2836
8726	2837
1991	2838
4208	2839
3038	2840
6149	2841
994	2842
1748	2843
5709	2844
2312	2845
733	2846
900	2847
7623	2848
4087	2849
7023	2850
4080	2851
8829	2852
5513	2853
943	2854
3476	2855
6620	2856
7460	2857
5164	2858
7249	2859
289	2860
4120	2861
7828	2862
5372	2863
1061	2864
6632	2865
869	2866
3797	2867
7492	2868
6210	2869
800	2870
4681	2871
1350	2872
235	2873
5622	2874
113	2875
1018	2876
7737	2877
3594	2878
5035	2879
7667	2880
7717	2881
6762	2882
5555	2883
2370	2884
4881	2885
5340	2886
3936	2887
8319	2888
4371	2889
4051	2890
4589	2891
8723	2892
377	2893
985	2894
5066	2895
6404	2896
6680	2897
3522	2898
2040	2899
8825	2900
6044	2901
521	2902
8198	2903
3283	2904
6909	2905
2303	2906
1530	2907
811	2908
8350	2909
360	2910
7455	2911
6741	2912
863	2913
6234	2914
1489	2915
1058	2916
5290	2917
2709	2918
1177	2919
8343	2920
2124	2921
4962	2922
8055	2923
8631	2924
1088	2925
7942	2926
1090	2927
1098	2928
632	2929
2478	2930
1535	2931
3503	2932
3097	2933
2463	2934
1693	2935
6657	2936
6117	2937
6563	2938
4084	2939
1996	2940
6300	2941
2911	2942
3323	2943
241	2944
3124	2945
8461	2946
4660	2947
7839	2948
3057	2949
6971	2950
1664	2951
5205	2952
6953	2953
5583	2954
8728	2955
8535	2956
1371	2957
5308	2958
7664	2959
2548	2960
3649	2961
1675	2962
259	2963
3305	2964
8674	2965
3915	2966
5039	2967
5063	2968
5338	2969
591	2970
1539	2971
6752	2972
6997	2973
3651	2974
4036	2975
4859	2976
2827	2977
5925	2978
5153	2979
3219	2980
62	2981
1553	2982
4990	2983
2473	2984
392	2985
3595	2986
2437	2987
1245	2988
527	2989
199	2990
8044	2991
8681	2992
149	2993
5479	2994
8544	2995
2039	2996
2590	2997
6307	2998
7057	2999
298	3000
8565	3001
1967	3002
843	3003
857	3004
6774	3005
5101	3006
247	3007
2315	3008
343	3009
3725	3010
14	3011
245	3012
4456	3013
236	3014
164	3015
67	3016
91	3017
4023	3018
5780	3019
8580	3020
8083	3021
8759	3022
4964	3023
6389	3024
327	3025
4692	3026
7560	3027
6466	3028
1587	3029
5031	3030
8667	3031
4680	3032
8030	3033
6645	3034
8658	3035
905	3036
4989	3037
3753	3038
2572	3039
4409	3040
8252	3041
923	3042
7654	3043
2157	3044
4078	3045
2713	3046
3989	3047
5843	3048
2461	3049
5233	3050
1324	3051
5059	3052
4102	3053
2962	3054
6144	3055
860	3056
4252	3057
128	3058
6080	3059
8267	3060
222	3061
846	3062
3698	3063
8365	3064
2754	3065
1495	3066
53	3067
788	3068
46	3069
3533	3070
647	3071
5912	3072
487	3073
663	3074
4285	3075
1291	3076
4931	3077
8486	3078
3695	3079
911	3080
7604	3081
570	3082
802	3083
3959	3084
200	3085
2268	3086
2158	3087
7260	3088
41	3089
2662	3090
6772	3091
4776	3092
4593	3093
138	3094
3956	3095
6171	3096
8131	3097
2815	3098
2858	3099
3799	3100
6063	3101
5931	3102
2945	3103
1260	3104
1753	3105
5778	3106
1041	3107
4276	3108
2852	3109
7313	3110
1710	3111
8576	3112
6485	3113
7673	3114
3796	3115
7337	3116
3588	3117
4868	3118
6421	3119
2998	3120
1106	3121
5432	3122
7434	3123
867	3124
6253	3125
4805	3126
8289	3127
442	3128
4529	3129
3717	3130
4736	3131
563	3132
2549	3133
7948	3134
810	3135
3212	3136
7	3137
1674	3138
4104	3139
7817	3140
6348	3141
8507	3142
90	3143
1010	3144
5480	3145
4857	3146
2319	3147
5375	3148
3183	3149
7388	3150
8271	3151
1779	3152
1620	3153
189	3154
1636	3155
7583	3156
4586	3157
8551	3158
2081	3159
7025	3160
2928	3161
3050	3162
7538	3163
7436	3164
3053	3165
1358	3166
3541	3167
5363	3168
5752	3169
2843	3170
2435	3171
6064	3172
3765	3173
666	3174
6654	3175
668	3176
112	3177
561	3178
379	3179
8193	3180
14	3181
6257	3182
1284	3183
7517	3184
3016	3185
7653	3186
3473	3187
659	3188
2043	3189
3179	3190
7433	3191
2605	3192
3992	3193
2270	3194
510	3195
179	3196
691	3197
1404	3198
7452	3199
6877	3200
8794	3201
3583	3202
3164	3203
485	3204
360	3205
4158	3206
4377	3207
306	3208
2167	3209
3880	3210
6133	3211
4022	3212
8436	3213
7633	3214
6659	3215
8012	3216
3102	3217
4283	3218
288	3219
6290	3220
624	3221
4841	3222
935	3223
8190	3224
439	3225
1940	3226
2657	3227
8655	3228
5626	3229
5522	3230
1453	3231
6665	3232
5718	3233
4631	3234
3101	3235
1097	3236
6399	3237
7229	3238
782	3239
3440	3240
1920	3241
5514	3242
1352	3243
2243	3244
2419	3245
6711	3246
6225	3247
285	3248
813	3249
382	3250
7702	3251
7752	3252
4795	3253
1442	3254
1147	3255
2397	3256
8744	3257
476	3258
6196	3259
714	3260
8713	3261
845	3262
7658	3263
207	3264
8797	3265
466	3266
4469	3267
8489	3268
2459	3269
4071	3270
616	3271
3171	3272
986	3273
7157	3274
4792	3275
7516	3276
82	3277
5891	3278
313	3279
4832	3280
8103	3281
242	3282
7709	3283
7695	3284
3852	3285
3298	3286
4253	3287
1793	3288
883	3289
29	3290
3947	3291
8133	3292
5468	3293
3331	3294
7017	3295
7065	3296
403	3297
7593	3298
2010	3299
8323	3300
410	3301
5219	3302
830	3303
5817	3304
984	3305
7909	3306
5155	3307
992	3308
7880	3309
5079	3310
3569	3311
802	3312
1775	3313
723	3314
3024	3315
8664	3316
861	3317
2232	3318
611	3319
362	3320
5069	3321
4724	3322
1176	3323
708	3324
5393	3325
6935	3326
5614	3327
3122	3328
6216	3329
8167	3330
3210	3331
2430	3332
2706	3333
4241	3334
6235	3335
4184	3336
8807	3337
4687	3338
7514	3339
1446	3340
3224	3341
2033	3342
55	3343
7697	3344
7239	3345
3535	3346
1123	3347
7815	3348
5955	3349
6014	3350
7103	3351
3713	3352
1868	3353
101	3354
4369	3355
2363	3356
3105	3357
1	3358
6241	3359
1076	3360
3253	3361
6841	3362
1514	3363
495	3364
249	3365
3405	3366
4732	3367
3217	3368
447	3369
7485	3370
943	3371
5705	3372
6020	3373
3727	3374
2412	3375
4544	3376
5134	3377
3155	3378
7332	3379
1030	3380
5426	3381
4091	3382
7767	3383
6962	3384
2898	3385
453	3386
8518	3387
3791	3388
7643	3389
2940	3390
6304	3391
4338	3392
727	3393
3692	3394
4024	3395
6829	3396
1079	3397
8481	3398
1777	3399
917	3400
135	3401
4197	3402
2211	3403
218	3404
5360	3405
4049	3406
6367	3407
323	3408
7170	3409
908	3410
886	3411
146	3412
7957	3413
1903	3414
566	3415
54	3416
3061	3417
4066	3418
2221	3419
4782	3420
3247	3421
3056	3422
1906	3423
1816	3424
4847	3425
3409	3426
1268	3427
1471	3428
4043	3429
7230	3430
8142	3431
822	3432
8195	3433
767	3434
1741	3435
3985	3436
294	3437
919	3438
5470	3439
4436	3440
7406	3441
1680	3442
240	3443
4112	3444
662	3445
4567	3446
8623	3447
2275	3448
2995	3449
1759	3450
5974	3451
8407	3452
593	3453
5938	3454
4528	3455
398	3456
4388	3457
3461	3458
767	3459
3137	3460
1735	3461
545	3462
5173	3463
6573	3464
7661	3465
7975	3466
5969	3467
5305	3468
2066	3469
703	3470
5091	3471
5321	3472
3528	3473
5012	3474
8498	3475
7756	3476
3690	3477
1976	3478
963	3479
7086	3480
8284	3481
4751	3482
3321	3483
7345	3484
6957	3485
7121	3486
228	3487
60	3488
755	3489
316	3490
1948	3491
2895	3492
4588	3493
7640	3494
715	3495
4047	3496
3590	3497
5247	3498
8503	3499
6684	3500
8668	3501
1164	3502
7919	3503
7686	3504
1196	3505
121	3506
6718	3507
5812	3508
5870	3509
6587	3510
7893	3511
5368	3512
4484	3513
65	3514
7533	3515
881	3516
8173	3517
5298	3518
1149	3519
4389	3520
617	3521
5621	3522
2622	3523
190	3524
2292	3525
364	3526
7356	3527
4512	3528
3738	3529
2208	3530
2598	3531
1322	3532
5197	3533
4346	3534
6950	3535
598	3536
8536	3537
4708	3538
555	3539
3003	3540
646	3541
3433	3542
574	3543
105	3544
2560	3545
85	3546
4382	3547
5733	3548
2438	3549
6142	3550
2440	3551
5847	3552
229	3553
7062	3554
2527	3555
2629	3556
480	3557
2424	3558
2184	3559
5401	3560
400	3561
5	3562
311	3563
8268	3564
5515	3565
801	3566
6328	3567
1410	3568
5708	3569
1080	3570
1694	3571
4995	3572
3746	3573
341	3574
3039	3575
118	3576
5649	3577
4614	3578
2253	3579
50	3580
5448	3581
8390	3582
6083	3583
2806	3584
3460	3585
1170	3586
4310	3587
5323	3588
911	3589
7279	3590
642	3591
3627	3592
6030	3593
8471	3594
1589	3595
7418	3596
846	3597
5907	3598
4863	3599
6653	3600
8511	3601
8624	3602
8227	3603
971	3604
373	3605
6184	3606
6019	3607
406	3608
8364	3609
7466	3610
3310	3611
615	3612
5163	3613
1127	3614
4264	3615
6258	3616
2686	3617
2833	3618
1849	3619
8784	3620
7253	3621
7110	3622
6451	3623
1803	3624
3385	3625
6885	3626
8808	3627
672	3628
124	3629
974	3630
5228	3631
854	3632
5380	3633
5267	3634
6547	3635
4411	3636
5885	3637
6256	3638
1280	3639
6756	3640
3523	3641
5495	3642
5437	3643
6028	3644
7115	3645
3529	3646
3300	3647
3998	3648
3256	3649
2224	3650
2826	3651
4275	3652
4628	3653
4183	3654
6702	3655
2881	3656
2162	3657
8659	3658
4048	3659
3439	3660
7899	3661
120	3662
3029	3663
1012	3664
6963	3665
304	3666
3190	3667
5135	3668
7997	3669
7106	3670
1998	3671
4000	3672
8627	3673
8578	3674
3546	3675
2457	3676
3811	3677
317	3678
8710	3679
1511	3680
6996	3681
4299	3682
3582	3683
1241	3684
2444	3685
25	3686
8501	3687
7205	3688
5281	3689
6990	3690
1596	3691
1369	3692
5786	3693
6093	3694
1307	3695
4339	3696
3009	3697
8708	3698
4982	3699
4789	3700
865	3701
7420	3702
209	3703
507	3704
4710	3705
8560	3706
3406	3707
4031	3708
2972	3709
2239	3710
3745	3711
577	3712
2367	3713
1942	3714
957	3715
225	3716
8314	3717
8588	3718
7059	3719
966	3720
4083	3721
1338	3722
3607	3723
671	3724
7379	3725
3706	3726
6121	3727
582	3728
272	3729
6599	3730
3800	3731
6206	3732
3046	3733
5601	3734
6113	3735
25	3736
3658	3737
5744	3738
3372	3739
8303	3740
709	3741
743	3742
463	3743
1527	3744
1092	3745
95	3746
1913	3747
2525	3748
285	3749
6160	3750
2293	3751
630	3752
818	3753
707	3754
427	3755
1043	3756
882	3757
2771	3758
47	3759
428	3760
5248	3761
4640	3762
3209	3763
5927	3764
5236	3765
3317	3766
921	3767
1823	3768
8430	3769
69	3770
8322	3771
6519	3772
5666	3773
3916	3774
8459	3775
7835	3776
4451	3777
1251	3778
6435	3779
4704	3780
63	3781
4123	3782
1031	3783
7440	3784
8240	3785
7751	3786
7713	3787
7391	3788
797	3789
5956	3790
4943	3791
5853	3792
4215	3793
8236	3794
4385	3795
265	3796
8313	3797
876	3798
5156	3799
7449	3800
2484	3801
3379	3802
2767	3803
5632	3804
5737	3805
1132	3806
587	3807
2422	3808
5503	3809
2795	3810
1122	3811
88	3812
6463	3813
7328	3814
4452	3815
3412	3816
7597	3817
718	3818
236	3819
4983	3820
131	3821
648	3822
705	3823
3845	3824
4956	3825
8697	3826
1267	3827
5306	3828
3463	3829
4081	3830
789	3831
7894	3832
7818	3833
6058	3834
446	3835
2784	3836
6029	3837
6579	3838
7789	3839
6264	3840
7355	3841
10	3842
1286	3843
727	3844
80	3845
7145	3846
436	3847
8245	3848
413	3849
8490	3850
2034	3851
3120	3852
975	3853
6185	3854
7811	3855
8040	3856
939	3857
155	3858
529	3859
869	3860
4787	3861
7225	3862
4296	3863
7244	3864
609	3865
5181	3866
2786	3867
3377	3868
7078	3869
1467	3870
8701	3871
8398	3872
6289	3873
908	3874
3173	3875
8403	3876
1916	3877
19	3878
5242	3879
7924	3880
2868	3881
516	3882
3175	3883
5447	3884
4992	3885
4495	3886
8069	3887
1524	3888
2697	3889
6750	3890
812	3891
2683	3892
526	3893
7458	3894
7733	3895
8445	3896
485	3897
243	3898
5746	3899
1612	3900
4186	3901
2080	3902
6784	3903
5019	3904
7165	3905
7339	3906
714	3907
2981	3908
3634	3909
5389	3910
5146	3911
8690	3912
607	3913
1599	3914
4209	3915
339	3916
7112	3917
6535	3918
2733	3919
1256	3920
225	3921
1271	3922
68	3923
3378	3924
6125	3925
2119	3926
7021	3927
874	3928
16	3929
7638	3930
6284	3931
6844	3932
3883	3933
5700	3934
3418	3935
1901	3936
1204	3937
3726	3938
8395	3939
840	3940
1144	3941
1302	3942
2206	3943
7826	3944
2404	3945
7465	3946
8607	3947
3316	3948
3423	3949
1624	3950
4924	3951
5025	3952
7172	3953
1349	3954
5243	3955
5370	3956
5532	3957
5703	3958
1208	3959
5775	3960
1819	3961
5037	3962
5612	3963
5693	3964
3636	3965
8036	3966
3351	3967
5832	3968
5238	3969
5929	3970
2049	3971
7675	3972
4195	3973
3906	3974
2798	3975
2011	3976
5768	3977
805	3978
2186	3979
7753	3980
2793	3981
6936	3982
2369	3983
2829	3984
488	3985
6385	3986
8241	3987
7180	3988
2023	3989
467	3990
5462	3991
1786	3992
7481	3993
4900	3994
8653	3995
1804	3996
4228	3997
5057	3998
4142	3999
8208	4000
8346	4001
872	4002
7641	4003
5193	4004
3446	4005
8347	4006
471	4007
4231	4008
4405	4009
6782	4010
4559	4011
7872	4012
3211	4013
2823	4014
1883	4015
5536	4016
817	4017
610	4018
762	4019
103	4020
7626	4021
6778	4022
1894	4023
5217	4024
902	4025
8558	4026
6313	4027
8456	4028
1562	4029
3367	4030
6456	4031
3336	4032
2432	4033
7198	4034
600	4035
6720	4036
7945	4037
3229	4038
7823	4039
3436	4040
567	4041
7219	4042
5948	4043
980	4044
7629	4045
73	4046
1602	4047
5212	4048
760	4049
8032	4050
48	4051
366	4052
909	4053
5413	4054
3735	4055
569	4056
1869	4057
5096	4058
8246	4059
8800	4060
4515	4061
2568	4062
656	4063
5386	4064
198	4065
6027	4066
691	4067
7288	4068
6219	4069
3867	4070
8474	4071
8255	4072
6554	4073
1415	4074
8302	4075
2759	4076
8775	4077
8385	4078
2679	4079
2849	4080
7477	4081
4539	4082
5258	4083
1	4084
7553	4085
4306	4086
7351	4087
554	4088
3819	4089
7898	4090
4903	4091
6818	4092
7739	4093
2320	4094
2125	4095
6744	4096
6508	4097
4256	4098
2169	4099
7689	4100
951	4101
915	4102
7474	4103
7011	4104
5766	4105
5366	4106
7845	4107
875	4108
216	4109
3542	4110
8221	4111
5387	4112
7155	4113
5016	4114
173	4115
4153	4116
3965	4117
435	4118
967	4119
3847	4120
3538	4121
628	4122
8616	4123
3884	4124
4021	4125
5341	4126
807	4127
106	4128
2867	4129
5617	4130
774	4131
4969	4132
8332	4133
8039	4134
3829	4135
4987	4136
8635	4137
1546	4138
4546	4139
4207	4140
3633	4141
347	4142
7499	4143
287	4144
8121	4145
1809	4146
1984	4147
84	4148
6945	4149
5517	4150
8577	4151
4317	4152
1977	4153
7929	4154
1364	4155
50	4156
4880	4157
1375	4158
6553	4159
152	4160
3192	4161
3089	4162
1072	4163
321	4164
6286	4165
637	4166
22	4167
897	4168
4399	4169
8540	4170
3011	4171
740	4172
2545	4173
5459	4174
8104	4175
2559	4176
4973	4177
35	4178
5439	4179
7131	4180
1113	4181
5565	4182
8703	4183
7415	4184
7262	4185
1421	4186
1047	4187
3495	4188
119	4189
4523	4190
6437	4191
7048	4192
377	4193
6557	4194
8326	4195
35	4196
7603	4197
8472	4198
8643	4199
3803	4200
6760	4201
5032	4202
1873	4203
1544	4204
130	4205
6985	4206
811	4207
7194	4208
6104	4209
6675	4210
7613	4211
6122	4212
1852	4213
6461	4214
8735	4215
8182	4216
303	4217
132	4218
4313	4219
4845	4220
4940	4221
6259	4222
7439	4223
2959	4224
2820	4225
771	4226
474	4227
3653	4228
1858	4229
1433	4230
284	4231
6912	4232
1290	4233
3704	4234
5226	4235
1487	4236
5721	4237
7217	4238
804	4239
5409	4240
3925	4241
4115	4242
7242	4243
4696	4244
6934	4245
8175	4246
4482	4247
5428	4248
3850	4249
8212	4250
4465	4251
4954	4252
78	4253
8760	4254
180	4255
1478	4256
1	4257
4148	4258
5677	4259
3675	4260
7013	4261
7343	4262
94	4263
4618	4264
2596	4265
7130	4266
434	4267
7525	4268
34	4269
3646	4270
3610	4271
7750	4272
7097	4273
7312	4274
435	4275
3732	4276
676	4277
2198	4278
8520	4279
6549	4280
4477	4281
7534	4282
2734	4283
7389	4284
490	4285
5214	4286
816	4287
370	4288
6669	4289
3144	4290
6561	4291
808	4292
7373	4293
1100	4294
7905	4295
3699	4296
8370	4297
1484	4298
1451	4299
1572	4300
1673	4301
519	4302
5977	4303
475	4304
4332	4305
4623	4306
5313	4307
6329	4308
3980	4309
4594	4310
619	4311
3422	4312
6528	4313
7003	4314
1730	4315
2192	4316
338	4317
993	4318
8300	4319
6	4320
1003	4321
8058	4322
4040	4323
133	4324
888	4325
6709	4326
515	4327
1729	4328
2165	4329
6758	4330
293	4331
2149	4332
2750	4333
3449	4334
5270	4335
1190	4336
8312	4337
6238	4338
108	4339
1860	4340
6054	4341
4271	4342
7454	4343
7273	4344
201	4345
6175	4346
1580	4347
6944	4348
684	4349
958	4350
6376	4351
4	4352
7862	4353
4057	4354
8336	4355
8137	4356
253	4357
3090	4358
7685	4359
7293	4360
1181	4361
2182	4362
6619	4363
576	4364
8392	4365
4037	4366
3629	4367
5383	4368
3142	4369
235	4370
5034	4371
4731	4372
3940	4373
1011	4374
8232	4375
7990	4376
66	4377
3306	4378
2241	4379
4059	4380
257	4381
7587	4382
2577	4383
735	4384
7995	4385
2604	4386
6568	4387
3877	4388
8147	4389
1691	4390
8071	4391
2597	4392
6397	4393
1758	4394
5129	4395
2279	4396
7228	4397
120	4398
3792	4399
3943	4400
4549	4401
172	4402
6050	4403
7061	4404
4555	4405
3040	4406
195	4407
215	4408
8555	4409
6282	4410
7972	4411
6858	4412
492	4413
415	4414
8550	4415
2807	4416
4288	4417
6969	4418
191	4419
6871	4420
4511	4421
3236	4422
5771	4423
8816	4424
7119	4425
8817	4426
8496	4427
7574	4428
3688	4429
6992	4430
7931	4431
6325	4432
8527	4433
581	4434
7786	4435
5580	4436
4683	4437
42	4438
2850	4439
6453	4440
3685	4441
7674	4442
2515	4443
6602	4444
8698	4445
1002	4446
4856	4447
1039	4448
153	4449
6510	4450
190	4451
6735	4452
764	4453
5898	4454
6618	4455
1632	4456
2376	4457
3205	4458
8270	4459
5196	4460
772	4461
260	4462
7849	4463
1578	4464
116	4465
6857	4466
8450	4467
4748	4468
2260	4469
1533	4470
2619	4471
1015	4472
8680	4473
6090	4474
2180	4475
2628	4476
6805	4477
381	4478
786	4479
3714	4480
348	4481
2052	4482
6880	4483
3000	4484
2076	4485
2123	4486
6132	4487
3902	4488
2880	4489
8111	4490
7182	4491
254	4492
7775	4493
635	4494
3104	4495
1640	4496
436	4497
2223	4498
4860	4499
4899	4500
1732	4501
8060	4502
6685	4503
6110	4504
3172	4505
884	4506
1639	4507
8603	4508
5023	4509
689	4510
946	4511
8157	4512
830	4513
6978	4514
2398	4515
2747	4516
8359	4517
8110	4518
8004	4519
5075	4520
6490	4521
757	4522
7558	4523
2060	4524
7006	4525
488	4526
522	4527
8105	4528
964	4529
2155	4530
5461	4531
6109	4532
6662	4533
258	4534
6650	4535
3741	4536
2136	4537
2521	4538
8368	4539
177	4540
5369	4541
7496	4542
6345	4543
2352	4544
8139	4545
5008	4546
6611	4547
1601	4548
270	4549
1951	4550
2409	4551
2802	4552
3758	4553
5867	4554
259	4555
19	4556
6674	4557
1559	4558
621	4559
504	4560
7495	4561
356	4562
3315	4563
721	4564
694	4565
1518	4566
6182	4567
8372	4568
4384	4569
5774	4570
4676	4571
105	4572
530	4573
2145	4574
11	4575
5647	4576
1738	4577
4497	4578
2022	4579
4610	4580
3832	4581
1293	4582
409	4583
8648	4584
6170	4585
4213	4586
7559	4587
982	4588
6704	4589
4045	4590
3544	4591
2636	4592
6400	4593
4327	4594
8408	4595
4028	4596
1247	4597
980	4598
4971	4599
3078	4600
7043	4601
3303	4602
6766	4603
5631	4604
1714	4605
7910	4606
2493	4607
1240	4608
371	4609
4730	4610
3015	4611
4352	4612
3899	4613
2213	4614
8446	4615
405	4616
2236	4617
852	4618
4357	4619
198	4620
4180	4621
5483	4622
4996	4623
2696	4624
2569	4625
6801	4626
3934	4627
6338	4628
1625	4629
3567	4630
2764	4631
457	4632
3696	4633
5132	4634
2286	4635
8178	4636
4418	4637
5758	4638
559	4639
7918	4640
4638	4641
8029	4642
6687	4643
5823	4644
336	4645
7139	4646
125	4647
1642	4648
4329	4649
3202	4650
441	4651
759	4652
7744	4653
1614	4654
2324	4655
870	4656
5231	4657
337	4658
228	4659
6433	4660
7736	4661
5011	4662
1987	4663
8126	4664
3770	4665
5658	4666
1460	4667
8665	4668
8296	4669
5379	4670
668	4671
486	4672
5526	4673
8634	4674
715	4675
79	4676
207	4677
3232	4678
8736	4679
297	4680
5510	4681
7298	4682
456	4683
4602	4684
4550	4685
3859	4686
3703	4687
6980	4688
352	4689
6677	4690
5861	4691
5608	4692
2893	4693
8293	4694
7735	4695
3452	4696
996	4697
3826	4698
8416	4699
381	4700
1836	4701
5819	4702
7585	4703
314	4704
4764	4705
2423	4706
1440	4707
4370	4708
1163	4709
4272	4710
8417	4711
3291	4712
6148	4713
6898	4714
550	4715
4181	4716
8822	4717
90	4718
5880	4719
130	4720
137	4721
5928	4722
2077	4723
3778	4724
8757	4725
3084	4726
4289	4727
6545	4728
4187	4729
4082	4730
1101	4731
5547	4732
7371	4733
3591	4734
5835	4735
6867	4736
7193	4737
8779	4738
797	4739
5697	4740
7101	4741
4788	4742
4062	4743
1272	4744
2497	4745
1749	4746
1009	4747
194	4748
5618	4749
4165	4750
6159	4751
6905	4752
7324	4753
7254	4754
5594	4755
513	4756
3177	4757
1135	4758
3456	4759
2916	4760
6743	4761
8412	4762
98	4763
556	4764
1036	4765
203	4766
4322	4767
5385	4768
921	4769
6254	4770
199	4771
6727	4772
8145	4773
971	4774
1461	4775
2256	4776
3115	4777
8707	4778
498	4779
3054	4780
2741	4781
7114	4782
7177	4783
7156	4784
536	4785
5241	4786
30	4787
6979	4788
3069	4789
5941	4790
3479	4791
1315	4792
5396	4793
5765	4794
5685	4795
2717	4796
2487	4797
1474	4798
622	4799
6277	4800
5271	4801
7263	4802
572	4803
3245	4804
2262	4805
1706	4806
100	4807
1343	4808
7821	4809
6092	4810
164	4811
1039	4812
3002	4813
7860	4814
161	4815
7417	4816
425	4817
1003	4818
128	4819
1619	4820
92	4821
409	4822
7914	4823
6973	4824
3722	4825
8586	4826
5042	4827
5077	4828
3786	4829
7519	4830
1463	4831
821	4832
2401	4833
997	4834
1016	4835
1321	4836
1702	4837
333	4838
747	4839
301	4840
4503	4841
5975	4842
4	4843
2501	4844
444	4845
7248	4846
2711	4847
3330	4848
325	4849
6465	4850
496	4851
7676	4852
2116	4853
2801	4854
885	4855
3334	4856
669	4857
783	4858
5750	4859
5378	4860
8741	4861
169	4862
3402	4863
1866	4864
7977	4865
6724	4866
20	4867
8638	4868
5986	4869
700	4870
2882	4871
517	4872
1731	4873
4817	4874
109	4875
777	4876
8305	4877
660	4878
1391	4879
6161	4880
6605	4881
2660	4882
2083	4883
6757	4884
2003	4885
6442	4886
7795	4887
2871	4888
2427	4889
188	4890
8066	4891
3767	4892
4733	4893
2341	4894
8328	4895
688	4896
8082	4897
4891	4898
1725	4899
5849	4900
89	4901
4042	4902
4359	4903
437	4904
81	4905
3893	4906
482	4907
8733	4908
8676	4909
7669	4910
595	4911
8382	4912
7173	4913
7183	4914
4026	4915
8194	4916
6033	4917
2933	4918
995	4919
1125	4920
5588	4921
4809	4922
586	4923
2164	4924
641	4925
5021	4926
732	4927
8671	4928
636	4929
3950	4930
460	4931
4927	4932
2990	4933
4898	4934
3364	4935
3079	4936
7014	4937
81	4938
7564	4939
3184	4940
4254	4941
18	4942
6808	4943
6398	4944
184	4945
2390	4946
3909	4947
5062	4948
3739	4949
7368	4950
6505	4951
37	4952
2663	4953
845	4954
4846	4955
8003	4956
4506	4957
323	4958
8187	4959
3151	4960
1357	4961
4538	4962
7302	4963
166	4964
1783	4965
27	4966
5246	4967
7728	4968
6007	4969
1630	4970
3954	4971
7148	4972
2976	4973
2661	4974
690	4975
3049	4976
7277	4977
7949	4978
7704	4979
7336	4980
2347	4981
3001	4982
8287	4983
6166	4984
8429	4985
8494	4986
844	4987
4325	4988
6429	4989
6022	4990
386	4991
1560	4992
8718	4993
1962	4994
3531	4995
7599	4996
8438	4997
1818	4998
5896	4999
6712	5000
6498	5001
1235	5002
1760	5003
6824	5004
373	5005
6911	5006
4460	5007
5717	5008
4308	5009
2556	5010
1457	5011
799	5012
2638	5013
3705	5014
3228	5015
7080	5016
3990	5017
4545	5018
8181	5019
8360	5020
8064	5021
110	5022
4255	5023
135	5024
6537	5025
1443	5026
5512	5027
2246	5028
402	5029
3784	5030
2746	5031
1981	5032
7614	5033
5	5034
6974	5035
5036	5036
3781	5037
913	5038
2888	5039
8568	5040
5494	5041
370	5042
5209	5043
8254	5044
1867	5045
4743	5046
6839	5047
3028	5048
1808	5049
113	5050
491	5051
651	5052
1387	5053
4591	5054
278	5055
4885	5056
96	5057
2518	5058
2087	5059
6468	5060
6036	5061
4629	5062
5701	5063
5207	5064
8144	5065
819	5066
5265	5067
4869	5068
68	5069
8204	5070
2778	5071
890	5072
697	5073
2005	5074
4286	5075
4185	5076
67	5077
2566	5078
434	5079
506	5080
6649	5081
8101	5082
327	5083
8186	5084
414	5085
934	5086
5600	5087
6655	5088
2805	5089
2609	5090
411	5091
859	5092
314	5093
6024	5094
4393	5095
4837	5096
5235	5097
1557	5098
7095	5099
5788	5100
4947	5101
4621	5102
885	5103
701	5104
5220	5105
4294	5106
5682	5107
1480	5108
2426	5109
2885	5110
321	5111
6807	5112
4716	5113
662	5114
269	5115
8818	5116
7308	5117
1742	5118
7712	5119
2799	5120
349	5121
2845	5122
7073	5123
6129	5124
5742	5125
1629	5126
3858	5127
520	5128
1780	5129
451	5130
892	5131
6000	5132
5157	5133
3010	5134
5199	5135
3152	5136
3843	5137
61	5138
5353	5139
3618	5140
7591	5141
5194	5142
240	5143
478	5144
7026	5145
4027	5146
7360	5147
5648	5148
424	5149
2547	5150
7970	5151
593	5152
2900	5153
3348	5154
383	5155
284	5156
638	5157
5405	5158
6590	5159
4015	5160
5800	5161
4314	5162
8513	5163
5818	5164
2745	5165
960	5166
7911	5167
733	5168
8333	5169
2271	5170
6410	5171
586	5172
6297	5173
5184	5174
753	5175
6514	5176
318	5177
2963	5178
5599	5179
7891	5180
2526	5181
4434	5182
3455	5183
7896	5184
1740	5185
1389	5186
744	5187
4862	5188
7181	5189
1833	5190
8022	5191
862	5192
2234	5193
299	5194
8073	5195
3225	5196
2179	5197
3888	5198
388	5199
129	5200
4143	5201
4069	5202
2831	5203
926	5204
4126	5205
1982	5206
4177	5207
6803	5208
5198	5209
5498	5210
4815	5211
1479	5212
4139	5213
995	5214
7665	5215
1505	5216
5552	5217
6719	5218
4560	5219
3332	5220
8222	5221
127	5222
3186	5223
1016	5224
8169	5225
2416	5226
605	5227
817	5228
620	5229
2354	5230
6444	5231
8484	5232
206	5233
1118	5234
4486	5235
5471	5236
4848	5237
978	5238
5083	5239
6873	5240
2231	5241
4988	5242
945	5243
653	5244
8746	5245
2183	5246
7743	5247
525	5248
6204	5249
6186	5250
3543	5251
1841	5252
6096	5253
6928	5254
4796	5255
698	5256
3278	5257
7030	5258
2146	5259
68	5260
7810	5261
7504	5262
985	5263
6968	5264
402	5265
7605	5266
7482	5267
2364	5268
6051	5269
8704	5270
887	5271
2587	5272
5355	5273
4656	5274
8793	5275
8813	5276
267	5277
1182	5278
7123	5279
3195	5280
3227	5281
1548	5282
2616	5283
147	5284
222	5285
82	5286
4149	5287
8081	5288
1143	5289
302	5290
7314	5291
4237	5292
5791	5293
1040	5294
2475	5295
3716	5296
7392	5297
1671	5298
8679	5299
1027	5300
2381	5301
4813	5302
3085	5303
934	5304
393	5305
6390	5306
1001	5307
6813	5308
1051	5309
2222	5310
634	5311
4703	5312
253	5313
8596	5314
4957	5315
3023	5316
8792	5317
358	5318
1761	5319
4150	5320
673	5321
6767	5322
8512	5323
80	5324
346	5325
7600	5326
2537	5327
1844	5328
3514	5329
4521	5330
289	5331
7128	5332
3471	5333
3052	5334
115	5335
2710	5336
952	5337
824	5338
5250	5339
3661	5340
3712	5341
2138	5342
6176	5343
3492	5344
6954	5345
8320	5346
3975	5347
3485	5348
7282	5349
7245	5350
7542	5351
3361	5352
4761	5353
2838	5354
4643	5355
6679	5356
2308	5357
7569	5358
1417	5359
3676	5360
3130	5361
3612	5362
1954	5363
3400	5364
2307	5365
3432	5366
2318	5367
5337	5368
2273	5369
3614	5370
5722	5371
8636	5372
7700	5373
6536	5374
346	5375
6243	5376
2902	5377
3469	5378
7378	5379
8604	5380
2646	5381
1503	5382
6215	5383
5642	5384
3182	5385
2290	5386
6838	5387
326	5388
5453	5389
3720	5390
5050	5391
8642	5392
677	5393
7462	5394
4858	5395
7858	5396
3267	5397
683	5398
8795	5399
2428	5400
818	5401
656	5402
5985	5403
3997	5404
1148	5405
450	5406
574	5407
4804	5408
974	5409
528	5410
5001	5411
8504	5412
389	5413
1909	5414
5367	5415
7831	5416
123	5417
4132	5418
2041	5419
3072	5420
7772	5421
4311	5422
103	5423
851	5424
8473	5425
7041	5426
2633	5427
4579	5428
376	5429
6672	5430
6055	5431
6294	5432
7857	5433
3898	5434
4739	5435
5071	5436
5589	5437
4632	5438
7897	5439
2758	5440
6317	5441
5864	5442
588	5443
3539	5444
4315	5445
1276	5446
5361	5447
6543	5448
880	5449
4093	5450
7218	5451
4723	5452
7382	5453
195	5454
8180	5455
48	5456
5769	5457
1686	5458
238	5459
544	5460
477	5461
3063	5462
5419	5463
6233	5464
417	5465
7331	5466
6220	5467
1719	5468
3129	5469
7093	5470
3255	5471
933	5472
594	5473
7310	5474
7425	5475
8826	5476
347	5477
4407	5478
82	5479
784	5480
538	5481
10	5482
4435	5483
2061	5484
796	5485
175	5486
4493	5487
814	5488
8777	5489
1246	5490
8202	5491
4646	5492
8051	5493
3214	5494
4113	5495
45	5496
6157	5497
2389	5498
4641	5499
8358	5500
8010	5501
7887	5502
580	5503
8158	5504
3342	5505
7575	5506
1397	5507
187	5508
3067	5509
5942	5510
1814	5511
6467	5512
6796	5513
3309	5514
7941	5515
1008	5516
2491	5517
6600	5518
4669	5519
4648	5520
256	5521
5371	5522
8256	5523
661	5524
2658	5525
7187	5526
3344	5527
5878	5528
6715	5529
2267	5530
4617	5531
1509	5532
5295	5533
2355	5534
6368	5535
401	5536
7475	5537
8399	5538
4423	5539
3258	5540
6601	5541
5757	5542
90	5543
2421	5544
7808	5545
4447	5546
2768	5547
445	5548
3815	5549
4932	5550
8644	5551
404	5552
16	5553
4055	5554
4261	5555
3427	5556
2299	5557
1847	5558
2509	5559
6324	5560
7548	5561
5343	5562
6155	5563
5562	5564
5292	5565
7054	5566
329	5567
1881	5568
1018	5569
1038	5570
8476	5571
98	5572
2385	5573
6509	5574
8162	5575
4507	5576
5763	5577
8309	5578
7863	5579
2939	5580
380	5581
1017	5582
743	5583
2001	5584
1902	5585
2813	5586
5273	5587
766	5588
4886	5589
6937	5590
4771	5591
6532	5592
7724	5593
3162	5594
799	5595
1491	5596
5877	5597
2362	5598
4033	5599
1690	5600
4222	5601
5165	5602
2830	5603
2836	5604
1429	5605
6764	5606
7164	5607
2339	5608
3550	5609
7589	5610
3951	5611
59	5612
1323	5613
6156	5614
340	5615
181	5616
1129	5617
319	5618
2053	5619
241	5620
1327	5621
6413	5622
4335	5623
443	5624
5755	5625
627	5626
7866	5627
37	5628
7374	5629
1575	5630
590	5631
4892	5632
820	5633
4685	5634
858	5635
5505	5636
8712	5637
4244	5638
5072	5639
6910	5640
2311	5641
929	5642
247	5643
2944	5644
3060	5645
4176	5646
3623	5647
8325	5648
6700	5649
6507	5650
6524	5651
4552	5652
6879	5653
1966	5654
4756	5655
7222	5656
318	5657
3782	5658
93	5659
2481	5660
936	5661
4866	5662
1209	5663
1697	5664
5329	5665
27	5666
13	5667
7869	5668
7798	5669
2835	5670
6276	5671
4011	5672
2766	5673
649	5674
2277	5675
1747	5676
2796	5677
5264	5678
2216	5679
1309	5680
296	5681
8621	5682
2647	5683
3425	5684
8641	5685
5224	5686
8523	5687
2782	5688
6217	5689
2062	5690
286	5691
168	5692
349	5693
5467	5694
2794	5695
832	5696
8143	5697
2471	5698
77	5699
345	5700
5798	5701
7804	5702
1993	5703
7358	5704
4980	5705
3609	5706
282	5707
4603	5708
32	5709
3924	5710
1063	5711
6846	5712
257	5713
3971	5714
2488	5715
1638	5716
383	5717
1004	5718
3030	5719
4161	5720
5354	5721
4265	5722
7606	5723
1600	5724
1466	5725
626	5726
652	5727
2388	5728
2160	5729
7981	5730
735	5731
8136	5732
7075	5733
3592	5734
2540	5735
5997	5736
4481	5737
3830	5738
2220	5739
6699	5740
4137	5741
1056	5742
1094	5743
3994	5744
5944	5745
505	5746
3482	5747
46	5748
6875	5749
857	5750
4922	5751
3353	5752
7105	5753
539	5754
8798	5755
7868	5756
673	5757
6098	5758
1980	5759
3742	5760
5660	5761
542	5762
7871	5763
7271	5764
6076	5765
7844	5766
8629	5767
94	5768
2872	5769
4865	5770
6191	5771
6481	5772
4662	5773
7223	5774
1925	5775
3987	5776
558	5777
3887	5778
328	5779
343	5780
5963	5781
2534	5782
5687	5783
141	5784
499	5785
6201	5786
8519	5787
7085	5788
475	5789
416	5790
1270	5791
870	5792
4472	5793
292	5794
4875	5795
1573	5796
1566	5797
8440	5798
6904	5799
910	5800
3116	5801
6464	5802
196	5803
7763	5804
7175	5805
8086	5806
8522	5807
41	5808
3448	5809
8228	5810
4757	5811
2936	5812
7004	5813
4532	5814
4770	5815
7408	5816
4050	5817
585	5818
1211	5819
2586	5820
102	5821
1174	5822
4199	5823
4041	5824
4355	5825
1285	5826
1069	5827
664	5828
3005	5829
6043	5830
7211	5831
2650	5832
6189	5833
3407	5834
7235	5835
7207	5836
956	5837
763	5838
4697	5839
5499	5840
465	5841
6311	5842
5706	5843
6443	5844
819	5845
2139	5846
860	5847
1656	5848
782	5849
6084	5850
7472	5851
686	5852
1214	5853
526	5854
5253	5855
2177	5856
5549	5857
5840	5858
672	5859
2772	5860
3561	5861
8609	5862
3683	5863
3991	5864
7535	5865
1493	5866
2842	5867
104	5868
3603	5869
5984	5870
5159	5871
1550	5872
1703	5873
6832	5874
5946	5875
1273	5876
4316	5877
6039	5878
3486	5879
1400	5880
6946	5881
4372	5882
1121	5883
2779	5884
4284	5885
5820	5886
197	5887
658	5888
33	5889
73	5890
661	5891
7404	5892
4397	5893
361	5894
7521	5895
5007	5896
2763	5897
723	5898
7047	5899
5176	5900
6375	5901
3465	5902
6070	5903
7992	5904
1198	5905
2166	5906
7197	5907
8123	5908
2050	5909
7236	5910
1261	5911
433	5912
4803	5913
633	5914
1654	5915
2859	5916
7001	5917
5312	5918
7409	5919
1013	5920
7134	5921
4952	5922
2088	5923
7785	5924
3654	5925
283	5926
5696	5927
3697	5928
3976	5929
7445	5930
7792	5931
3328	5932
6283	5933
3397	5934
1845	5935
446	5936
751	5937
578	5938
5044	5939
1531	5940
5282	5941
6088	5942
2394	5943
5469	5944
4874	5945
521	5946
55	5947
6425	5948
4625	5949
8329	5950
5421	5951
6131	5952
5127	5953
17	5954
470	5955
6174	5956
5033	5957
1861	5958
5404	5959
7912	5960
4094	5961
2788	5962
1769	5963
8451	5964
6640	5965
8262	5966
2671	5967
5203	5968
2276	5969
6287	5970
569	5971
7141	5972
989	5973
1137	5974
1958	5975
420	5976
465	5977
644	5978
2411	5979
7834	5980
205	5981
6574	5982
5657	5983
5624	5984
8006	5985
4639	5986
6049	5987
5571	5988
829	5989
4599	5990
8379	5991
5790	5992
8089	5993
4741	5994
5842	5995
4188	5996
7289	5997
2651	5998
4790	5999
2044	6000
1028	6001
670	6002
3352	6003
5959	6004
5598	6005
3290	6006
2103	6007
1320	6008
2506	6009
4072	6010
192	6011
7615	6012
466	6013
5097	6014
4592	6015
4661	6016
5126	6017
6261	6018
1213	6019
4793	6020
3918	6021
7562	6022
8610	6023
3701	6024
7714	6025
5183	6026
6249	6027
3933	6028
8148	6029
1721	6030
64	6031
7933	6032
3373	6033
781	6034
4574	6035
156	6036
7206	6037
2121	6038
1372	6039
5644	6040
7877	6041
484	6042
3548	6043
8119	6044
6194	6045
2237	6046
5935	6047
4492	6048
7125	6049
7915	6050
7135	6051
8401	6052
8384	6053
954	6054
261	6055
8211	6056
5112	6057
231	6058
6478	6059
1592	6060
7947	6061
3413	6062
8553	6063
6503	6064
3335	6065
4295	6066
2329	6067
1115	6068
3168	6069
1540	6070
8276	6071
1197	6072
4895	6073
2163	6074
2680	6075
2445	6076
3445	6077
893	6078
4753	6079
582	6080
3384	6081
2621	6082
5351	6083
3033	6084
8425	6085
2085	6086
2672	6087
1096	6088
6209	6089
1114	6090
3964	6091
460	6092
3272	6093
7691	6094
2841	6095
7098	6096
1326	6097
7552	6098
1226	6099
8803	6100
6353	6101
8579	6102
2987	6103
6737	6104
6502	6105
6232	6106
8238	6107
7081	6108
4598	6109
6493	6110
4977	6111
6411	6112
2117	6113
220	6114
6103	6115
281	6116
5715	6117
44	6118
6591	6119
7773	6120
7428	6121
3437	6122
5923	6123
8715	6124
5123	6125
2851	6126
7976	6127
7843	6128
5850	6129
7340	6130
2808	6131
2652	6132
8378	6133
7335	6134
6315	6135
7956	6136
4103	6137
5286	6138
7529	6139
5285	6140
680	6141
3878	6142
1367	6143
2255	6144
928	6145
3558	6146
6922	6147
4508	6148
1275	6149
368	6150
5683	6151
5168	6152
2839	6153
3208	6154
393	6155
2264	6156
2128	6157
6441	6158
5676	6159
744	6160
5289	6161
4279	6162
2948	6163
881	6164
2238	6165
5422	6166
7668	6167
7274	6168
171	6169
7556	6170
8763	6171
6694	6172
1529	6173
7058	6174
5124	6175
7745	6176
1695	6177
7002	6178
940	6179
8061	6180
6572	6181
5117	6182
5218	6183
2682	6184
8410	6185
7426	6186
187	6187
6706	6188
3848	6189
396	6190
7536	6191
221	6192
119	6193
6476	6194
2511	6195
614	6196
601	6197
722	6198
2027	6199
8705	6200
7316	6201
3754	6202
1586	6203
2093	6204
1	6205
2371	6206
2580	6207
431	6208
8613	6209
2115	6210
3622	6211
3143	6212
2302	6213
768	6214
7747	6215
2824	6216
1308	6217
8663	6218
5027	6219
884	6220
1200	6221
1319	6222
2447	6223
589	6224
5073	6225
5860	6226
4590	6227
7813	6228
136	6229
3574	6230
898	6231
31	6232
2552	6233
6983	6234
979	6235
2131	6236
5982	6237
4427	6238
4516	6239
3808	6240
2773	6241
5481	6242
7349	6243
1892	6244
7974	6245
4930	6246
903	6247
1340	6248
844	6249
511	6250
2854	6251
1373	6252
6138	6253
5105	6254
2575	6255
1363	6256
1616	6257
6637	6258
959	6259
342	6260
612	6261
1655	6262
724	6263
4443	6264
8351	6265
4476	6266
1700	6267
7185	6268
2689	6269
1520	6270
775	6271
99	6272
7889	6273
5924	6274
6607	6275
8714	6276
6310	6277
8460	6278
3967	6279
8782	6280
5970	6281
31	6282
7315	6283
3355	6284
3552	6285
1716	6286
5464	6287
4842	6288
528	6289
4376	6290
1582	6291
4420	6292
7727	6293
2396	6294
5886	6295
6164	6296
3662	6297
6967	6298
1988	6299
5502	6300
2809	6301
745	6302
2914	6303
1637	6304
5213	6305
126	6306
2414	6307
3707	6308
6749	6309
7964	6310
2723	6311
724	6312
3062	6313
8025	6314
3664	6315
2980	6316
4347	6317
4344	6318
1124	6319
8753	6320
6158	6321
7666	6322
987	6323
8297	6324
249	6325
12	6326
4122	6327
7266	6328
2736	6329
7050	6330
2316	6331
2967	6332
6296	6333
424	6334
4526	6335
1776	6336
6576	6337
1658	6338
4421	6339
5178	6340
2161	6341
540	6342
5727	6343
4212	6344
676	6345
3	6346
3721	6347
3326	6348
976	6349
6981	6350
7448	6351
738	6352
3892	6353
4766	6354
6987	6355
877	6356
7383	6357
4111	6358
4953	6359
3259	6360
608	6361
585	6362
2306	6363
310	6364
191	6365
1450	6366
1187	6367
4907	6368
8435	6369
5596	6370
904	6371
1499	6372
809	6373
4705	6374
2678	6375
6729	6376
1026	6377
8569	6378
61	6379
5237	6380
927	6381
6975	6382
7721	6383
1424	6384
158	6385
8415	6386
1953	6387
18	6388
5144	6389
3801	6390
2908	6391
5541	6392
5216	6393
3952	6394
5130	6395
798	6396
1800	6397
496	6398
7923	6399
2656	6400
1933	6401
8299	6402
602	6403
5225	6404
654	6405
5259	6406
7327	6407
7885	6408
8387	6409
1292	6410
7610	6411
4740	6412
1228	6413
8738	6414
1688	6415
8077	6416
489	6417
7657	6418
2901	6419
71	6420
1969	6421
1201	6422
6961	6423
2878	6424
5584	6425
5879	6426
6530	6427
7568	6428
4067	6429
8559	6430
494	6431
514	6432
565	6433
2693	6434
3197	6435
7550	6436
8423	6437
4449	6438
7551	6439
4114	6440
49	6441
7079	6442
1344	6443
6306	6444
1508	6445
6420	6446
1005	6447
4109	6448
7370	6449
125	6450
464	6451
1941	6452
6089	6453
227	6454
4831	6455
438	6456
8218	6457
4867	6458
8465	6459
3363	6460
7201	6461
4767	6462
7421	6463
4754	6464
5492	6465
444	6466
583	6467
145	6468
6798	6469
3872	6470
4979	6471
841	6472
3233	6473
1995	6474
3777	6475
5458	6476
8070	6477
21	6478
7226	6479
2436	6480
7214	6481
8132	6482
4483	6483
4128	6484
7285	6485
4911	6486
4537	6487
2743	6488
4064	6489
8529	6490
6423	6491
2524	6492
5006	6493
126	6494
213	6495
6011	6496
7284	6497
363	6498
7630	6499
277	6500
7347	6501
7381	6502
7959	6503
3919	6504
2712	6505
3984	6506
3004	6507
8250	6508
929	6509
6106	6510
5115	6511
2078	6512
623	6513
170	6514
7547	6515
6154	6516
4534	6517
4432	6518
6452	6519
2210	6520
1033	6521
3914	6522
1078	6523
4039	6524
746	6525
6753	6526
7	6527
6273	6528
4266	6529
4785	6530
1178	6531
7240	6532
5058	6533
4802	6534
2014	6535
3160	6536
1821	6537
4872	6538
6921	6539
290	6540
6136	6541
1042	6542
4425	6543
8525	6544
296	6545
1007	6546
8581	6547
3521	6548
1768	6549
565	6550
1840	6551
76	6552
3021	6553
97	6554
6765	6555
2291	6556
5609	6557
3279	6558
1116	6559
7988	6560
5767	6561
2791	6562
7634	6563
3107	6564
467	6565
2935	6566
7357	6567
2538	6568
1104	6569
7377	6570
4013	6571
6356	6572
8790	6573
1342	6574
432	6575
374	6576
3806	6577
867	6578
2983	6579
7937	6580
779	6581
3207	6582
99	6583
2861	6584
2000	6585
864	6586
2725	6587
499	6588
6446	6589
2287	6590
116	6591
3417	6592
4319	6593
8306	6594
861	6595
669	6596
1626	6597
1526	6598
752	6599
8023	6600
3581	6601
162	6602
6593	6603
4894	6604
3048	6605
603	6606
2266	6607
4689	6608
7321	6609
5350	6610
8724	6611
2703	6612
8820	6613
3903	6614
6710	6615
5307	6616
1928	6617
4439	6618
3908	6619
72	6620
1469	6621
6195	6622
5841	6623
1103	6624
6940	6625
7120	6626
912	6627
754	6628
4136	6629
1380	6630
4219	6631
3442	6632
3689	6633
7020	6634
1956	6635
3589	6636
59	6637
2593	6638
4293	6639
8482	6640
2392	6641
827	6642
3329	6643
111	6644
2728	6645
5170	6646
1879	6647
1060	6648
2912	6649
2740	6650
2500	6651
4750	6652
4415	6653
243	6654
5559	6655
7424	6656
7969	6657
3749	6658
7052	6659
952	6660
1158	6661
4179	6662
2188	6663
4951	6664
750	6665
5084	6666
76	6667
8257	6668
7278	6669
671	6670
866	6671
1225	6672
753	6673
3341	6674
4095	6675
303	6676
5002	6677
1534	6678
4233	6679
1666	6680
69	6681
4709	6682
4169	6683
5412	6684
3395	6685
6966	6686
6989	6687
1778	6688
52	6689
820	6690
2309	6691
5968	6692
7301	6693
2072	6694
595	6695
2032	6696
1227	6697
2129	6698
5119	6699
4596	6700
7162	6701
1374	6702
1851	6703
114	6704
3438	6705
8469	6706
6492	6707
3075	6708
831	6709
1708	6710
6248	6711
8093	6712
1610	6713
387	6714
5331	6715
4717	6716
8566	6717
6402	6718
1698	6719
6302	6720
1231	6721
4547	6722
4820	6723
4972	6724
747	6725
481	6726
38	6727
3580	6728
1826	6729
1142	6730
5557	6731
3891	6732
6004	6733
2856	6734
792	6735
1784	6736
529	6737
8072	6738
8600	6739
6	6740
1232	6741
960	6742
4851	6743
6995	6744
1065	6745
3766	6746
8161	6747
363	6748
7325	6749
7346	6750
1138	6751
251	6752
2499	6753
6266	6754
3913	6755
8348	6756
7365	6757
7944	6758
6849	6759
39	6760
6127	6761
1040	6762
6872	6763
2470	6764
2214	6765
771	6766
584	6767
4269	6768
7759	6769
1022	6770
645	6771
2585	6772
5189	6773
8149	6774
271	6775
849	6776
244	6777
5926	6778
6899	6779
6057	6780
2100	6781
602	6782
4928	6783
6941	6784
6497	6785
7132	6786
2844	6787
500	6788
7027	6789
7895	6790
6570	6791
2018	6792
549	6793
7490	6794
1032	6795
3356	6796
6850	6797
4201	6798
6748	6799
7151	6800
5546	6801
2002	6802
4553	6803
5145	6804
532	6805
1304	6806
6107	6807
6377	6808
1084	6809
5940	6810
1288	6811
543	6812
950	6813
6358	6814
8374	6815
15	6816
2775	6817
47	6818
2960	6819
6242	6820
8672	6821
6301	6822
3068	6823
577	6824
2869	6825
1254	6826
4223	6827
5529	6828
4029	6829
5161	6830
7938	6831
962	6832
154	6833
493	6834
7694	6835
3262	6836
1057	6837
1947	6838
43	6839
1628	6840
788	6841
2250	6842
1608	6843
4401	6844
2690	6845
6059	6846
1611	6847
2594	6848
2313	6849
8068	6850
1864	6851
3860	6852
2314	6853
2654	6854
6115	6855
104	6856
6073	6857
6370	6858
3889	6859
6032	6860
770	6861
3775	6862
421	6863
8767	6864
4876	6865
7100	6866
7677	6867
6792	6868
7281	6869
7790	6870
4755	6871
7102	6872
557	6873
3099	6874
7825	6875
4273	6876
1537	6877
1027	6878
472	6879
503	6880
4489	6881
8661	6882
606	6883
8721	6884
2181	6885
1743	6886
1552	6887
2520	6888
4946	6889
978	6890
537	6891
1754	6892
5425	6893
3979	6894
8002	6895
1922	6896
3149	6897
8377	6898
416	6899
3667	6900
5764	6901
4192	6902
637	6903
8259	6904
6267	6905
7875	6906
4320	6907
252	6908
1021	6909
7186	6910
2979	6911
893	6912
6621	6913
4997	6914
1641	6915
3243	6916
3358	6917
5384	6918
2574	6919
3555	6920
4144	6921
5675	6922
8774	6923
719	6924
868	6925
5903	6926
5603	6927
6855	6928
144	6929
2719	6930
3266	6931
912	6932
262	6933
32	6934
1422	6935
1963	6936
6865	6937
918	6938
4247	6939
378	6940
8809	6941
731	6942
4707	6943
4888	6944
8367	6945
1215	6946
6472	6947
4674	6948
765	6949
7782	6950
1781	6951
1985	6952
6972	6953
7307	6954
5107	6955
8780	6956
6884	6957
51	6958
4747	6959
8591	6960
7257	6961
136	6962
5991	6963
8266	6964
1834	6965
761	6966
2	6967
3869	6968
984	6969
7996	6970
8355	6971
1130	6972
6768	6973
8074	6974
3553	6975
902	6976
22	6977
5785	6978
102	6979
5506	6980
1212	6981
79	6982
892	6983
5381	6984
749	6985
7480	6986
1504	6987
371	6988
7537	6989
5300	6990
2420	6991
547	6992
8561	6993
4828	6994
6432	6995
425	6996
4673	6997
508	6998
824	6999
7838	7000
571	7001
146	7002
1669	7003
2681	7004
3383	7005
6526	7006
8739	7007
1788	7008
2925	7009
5523	7010
890	7011
4291	7012
1564	7013
655	7014
7645	7015
4587	7016
7780	7017
725	7018
2460	7019
4191	7020
330	7021
6955	7022
8499	7023
7008	7024
2571	7025
6021	7026
422	7027
1955	7028
5783	7029
949	7030
4644	7031
8483	7032
2932	7033
162	7034
1452	7035
7928	7036
3365	7037
688	7038
65	7039
590	7040
2346	7041
4141	7042
4654	7043
2415	7044
3435	7045
3041	7046
2359	7047
3304	7048
2957	7049
4077	7050
572	7051
351	7052
7084	7053
7464	7054
4361	7055
822	7056
3751	7057
2792	7058
311	7059
6200	7060
350	7061
3096	7062
8618	7063
455	7064
4896	7065
2684	7066
3730	7067
6207	7068
3748	7069
1986	7070
12	7071
492	7072
4164	7073
110	7074
951	7075
4967	7076
385	7077
2516	7078
2193	7079
6214	7080
859	7081
8420	7082
1717	7083
1506	7084
979	7085
2724	7086
4226	7087
3729	7088
369	7089
5550	7090
5674	7091
3380	7092
6856	7093
6633	7094
1109	7095
1853	7096
8159	7097
773	7098
588	7099
8470	7100
5139	7101
7471	7102
1820	7103
3390	7104
7094	7105
1221	7106
6592	7107
4012	7108
5487	7109
4861	7110
2410	7111
4633	7112
3744	7113
3410	7114
1519	7115
2653	7116
4929	7117
3957	7118
211	7119
5905	7120
5455	7121
4133	7122
3313	7123
4719	7124
7319	7125
891	7126
2953	7127
6459	7128
1175	7129
1603	7130
1105	7131
842	7132
687	7133
5095	7134
7991	7135
6596	7136
3499	7137
1210	7138
5030	7139
791	7140
358	7141
8315	7142
4527	7143
8815	7144
6268	7145
3513	7146
7501	7147
1634	7148
483	7149
5261	7150
8307	7151
171	7152
6525	7153
1179	7154
1013	7155
8052	7156
238	7157
1014	7158
2189	7159
5508	7160
8766	7161
473	7162
2999	7163
5807	7164
7523	7165
7323	7166
3663	7167
2749	7168
3599	7169
1934	7170
7978	7171
229	7172
2800	7173
8269	7174
1737	7175
5445	7176
281	7177
920	7178
8827	7179
722	7180
4147	7181
382	7182
3458	7183
5511	7184
7761	7185
8405	7186
6331	7187
1206	7188
7805	7189
6585	7190
7984	7191
4334	7192
3114	7193
627	7194
5528	7195
5839	7196
716	7197
944	7198
288	7199
6223	7200
3939	7201
5980	7202
8151	7203
7178	7204
6040	7205
4870	7206
3189	7207
775	7208
6038	7209
5056	7210
194	7211
5989	7212
567	7213
6546	7214
3879	7215
4337	7216
706	7217
4718	7218
6323	7219
2528	7220
2770	7221
2144	7222
1653	7223
101	7224
505	7225
5972	7226
4606	7227
624	7228
2544	7229
906	7230
2017	7231
5845	7232
2240	7233
7830	7234
7861	7235
137	7236
5408	7237
8799	7238
825	7239
290	7240
273	7241
3178	7242
4490	7243
6513	7244
8184	7245
537	7246
8448	7247
7083	7248
6948	7249
8191	7250
1498	7251
2691	7252
8706	7253
7437	7254
956	7255
121	7256
1161	7257
9	7258
3983	7259
5158	7260
7888	7261
2372	7262
2774	7263
6886	7264
6101	7265
4378	7266
6701	7267
2927	7268
7622	7269
8806	7270
3286	7271
4162	7272
6354	7273
83	7274
4016	7275
674	7276
5519	7277
6874	7278
4706	7279
531	7280
6245	7281
8380	7282
6924	7283
7570	7284
5309	7285
7965	7286
8677	7287
1517	7288
1646	7289
613	7290
3019	7291
1238	7292
2721	7293
4392	7294
6060	7295
8605	7296
6252	7297
1745	7298
639	7299
6900	7300
3416	7301
374	7302
6143	7303
401	7304
2610	7305
6794	7306
8683	7307
742	7308
4978	7309
6162	7310
990	7311
3927	7312
6363	7313
8768	7314
60	7315
7968	7316
365	7317
704	7318
1661	7319
552	7320
8174	7321
1046	7322
3297	7323
935	7324
2383	7325
1696	7326
4234	7327
5543	7328
7147	7329
2877	7330
3086	7331
3026	7332
4525	7333
8226	7334
3678	7335
8458	7336
1919	7337
2393	7338
6790	7339
4466	7340
558	7341
4494	7342
231	7343
7584	7344
4467	7345
2334	7346
4597	7347
848	7348
14	7349
3946	7350
1907	7351
5801	7352
7954	7353
3652	7354
3559	7355
959	7356
2870	7357
1035	7358
1427	7359
3715	7360
4684	7361
7071	7362
4239	7363
6192	7364
6279	7365
5410	7366
7842	7367
6643	7368
2864	7369
2729	7370
3234	7371
178	7372
961	7373
6892	7374
2248	7375
645	7376
8356	7377
659	7378
2480	7379
7608	7380
5884	7381
697	7382
4260	7383
1085	7384
39	7385
8595	7386
2848	7387
8802	7388
265	7389
5255	7390
2810	7391
26	7392
1482	7393
1081	7394
2202	7395
7107	7396
964	7397
7451	7398
901	7399
7505	7400
5048	7401
1475	7402
1570	7403
580	7404
8452	7405
749	7406
317	7407
1128	7408
2783	7409
732	7410
2992	7411
1622	7412
3512	7413
1024	7414
4206	7415
4649	7416
1481	7417
459	7418
1029	7419
5913	7420
438	7421
8770	7422
6927	7423
589	7424
455	7425
1863	7426
8397	7427
4942	7428
5086	7429
581	7430
7565	7431
6299	7432
670	7433
1856	7434
1617	7435
6068	7436
1613	7437
5620	7438
1904	7439
5475	7440
7174	7441
2336	7442
609	7443
3870	7444
6414	7445
2603	7446
3013	7447
389	7448
800	7449
5175	7450
564	7451
3602	7452
7935	7453
4642	7454
8505	7455
6566	7456
5466	7457
795	7458
1523	7459
3768	7460
4304	7461
967	7462
5593	7463
7528	7464
1813	7465
1862	7466
906	7467
70	7468
3121	7469
1921	7470
4422	7471
2159	7472
3929	7473
1266	7474
226	7475
2249	7476
7306	7477
57	7478
7074	7479
6369	7480
6916	7481
500	7482
1597	7483
294	7484
441	7485
2533	7486
2883	7487
4722	7488
805	7489
8097	7490
8711	7491
5882	7492
8449	7493
2439	7494
7580	7495
3248	7496
5296	7497
6861	7498
6360	7499
440	7500
4262	7501
5388	7502
8015	7503
6917	7504
344	7505
1681	7506
6346	7507
386	7508
1766	7509
452	7510
268	7511
4331	7512
8223	7513
6475	7514
1810	7515
6438	7516
4003	7517
4414	7518
5260	7519
226	7520
8041	7521
630	7522
5680	7523
958	7524
8112	7525
5851	7526
4541	7527
4398	7528
1004	7529
1257	7530
5239	7531
4663	7532
794	7533
3788	7534
5595	7535
8488	7536
8562	7537
6026	7538
7832	7539
965	7540
796	7541
3073	7542
8130	7543
895	7544
863	7545
3293	7546
4230	7547
3931	7548
2655	7549
6616	7550
8479	7551
1233	7552
3308	7553
3500	7554
3953	7555
6120	7556
4373	7557
8288	7558
5457	7559
2140	7560
4901	7561
560	7562
6281	7563
6864	7564
533	7565
5691	7566
7215	7567
6816	7568
804	7569
267	7570
384	7571
4939	7572
5563	7573
4966	7574
878	7575
384	7576
8258	7577
3785	7578
1252	7579
338	7580
178	7581
328	7582
8007	7583
4783	7584
2620	7585
6642	7586
11	7587
2555	7588
711	7589
5947	7590
2004	7591
1398	7592
309	7593
2677	7594
8177	7595
2803	7596
917	7597
5911	7598
2108	7599
4408	7600
3501	7601
6660	7602
3037	7603
990	7604
2910	7605
1068	7606
650	7607
3587	7608
889	7609
5900	7610
1230	7611
7287	7612
4806	7613
1277	7614
1801	7615
5294	7616
3044	7617
3907	7618
4775	7619
998	7620
6814	7621
6725	7622
4074	7623
324	7624
794	7625
4444	7626
5581	7627
698	7628
7066	7629
839	7630
856	7631
2602	7632
7778	7633
5054	7634
88	7635
3457	7636
1711	7637
705	7638
472	7639
5702	7640
6721	7641
6351	7642
16	7643
18	7644
1377	7645
3613	7646
5013	7647
3519	7648
7946	7649
3359	7650
5833	7651
5734	7652
4309	7653
6926	7654
2498	7655
4259	7656
273	7657
8652	7658
15	7659
2097	7660
8057	7661
300	7662
354	7663
6736	7664
5542	7665
8388	7666
643	7667
1937	7668
5358	7669
3632	7670
5836	7671
7563	7672
6769	7673
2755	7674
6859	7675
6771	7676
4794	7677
530	7678
1547	7679
620	7680
3020	7681
5074	7682
3	7683
1579	7684
309	7685
7359	7686
8201	7687
2289	7688
2148	7689
5280	7690
5665	7691
3080	7692
3958	7693
156	7694
3515	7695
1713	7696
224	7697
5662	7698
93	7699
3188	7700
3488	7701
75	7702
7270	7703
840	7704
5855	7705
6270	7706
597	7707
7007	7708
6305	7709
649	7710
4744	7711
8048	7712
7530	7713
7385	7714
4092	7715
182	7716
2955	7717
334	7718
3	7719
3504	7720
5921	7721
7571	7722
2090	7723
5753	7724
641	7725
2317	7726
6754	7727
479	7728
7890	7729
798	7730
5488	7731
5160	7732
2626	7733
6436	7734
2203	7735
201	7736
3700	7737
174	7738
4138	7739
873	7740
7067	7741
7412	7742
5179	7743
1568	7744
2985	7745
3370	7746
1396	7747
632	7748
4849	7749
4887	7750
648	7751
490	7752
1180	7753
4645	7754
7994	7755
6780	7756
6333	7757
1239	7758
3131	7759
2762	7760
7024	7761
7450	7762
230	7763
478	7764
7318	7765
7255	7766
1186	7767
4110	7768
3273	7769
6023	7770
8614	7771
6114	7772
5201	7773
13	7774
8650	7775
5789	7776
7791	7777
729	7778
4889	7779
8632	7780
1376	7781
5689	7782
7934	7783
275	7784
8049	7785
2091	7786
33	7787
57	7788
8035	7789
2531	7790
1432	7791
6791	7792
3554	7793
3673	7794
2400	7795
1089	7796
7932	7797
5442	7798
8215	7799
8251	7800
5613	7801
2964	7802
7967	7803
807	7804
3996	7805
3556	7806
599	7807
592	7808
3930	7809
8538	7810
1437	7811
3159	7812
4600	7813
3575	7814
879	7815
1140	7816
2581	7817
111	7818
46	7819
853	7820
5781	7821
271	7822
5966	7823
2726	7824
2550	7825
2508	7826
4548	7827
7136	7828
2403	7829
7543	7830
6580	7831
5500	7832
2433	7833
6151	7834
1492	7835
8170	7836
8720	7837
6288	7838
2453	7839
5558	7840
51	7841
2045	7842
2365	7843
4958	7844
7729	7845
542	7846
791	7847
213	7848
5732	7849
2896	7850
8199	7851
3404	7852
6638	7853
5278	7854
1006	7855
1992	7856
2118	7857
509	7858
3468	7859
5952	7860
6847	7861
6361	7862
4701	7863
2387	7864
3857	7865
1279	7866
4302	7867
3734	7868
4307	7869
4605	7870
6303	7871
447	7872
456	7873
5148	7874
1792	7875
388	7876
6163	7877
7400	7878
4099	7879
1244	7880
283	7881
7801	7882
4061	7883
8361	7884
3961	7885
6695	7886
4779	7887
2757	7888
6	7889
2358	7890
7161	7891
333	7892
3823	7893
3973	7894
784	7895
4025	7896
100	7897
4690	7898
5957	7899
5585	7900
4712	7901
8362	7902
8552	7903
1382	7904
3221	7905
3793	7906
7876	7907
7127	7908
2730	7909
3082	7910
4190	7911
3816	7912
5816	7913
3993	7914
7276	7915
5429	7916
1361	7917
6622	7918
11	7919
8264	7920
7527	7921
2217	7922
219	7923
7960	7924
4487	7925
1472	7926
1789	7927
4763	7928
551	7929
5399	7930
6501	7931
7670	7932
696	7933
2258	7934
454	7935
2982	7936
3882	7937
5638	7938
8769	7939
924	7940
7884	7941
847	7942
24	7943
8273	7944
1172	7945
713	7946
8656	7947
7522	7948
468	7949
5792	7950
4725	7951
4760	7952
3517	7953
2127	7954
6327	7955
5965	7956
4454	7957
4488	7958
3025	7959
315	7960
8590	7961
4652	7962
3215	7963
1470	7964
5811	7965
4960	7966
1828	7967
1007	7968
7018	7969
8684	7970
3261	7971
3901	7972
8019	7973
3962	7974
584	7975
4950	7976
7453	7977
2272	7978
7989	7979
24	7980
2853	7981
6623	7982
3718	7983
5576	7984
6374	7985
2599	7986
4514	7987
2624	7988
3723	7989
689	7990
348	7991
1665	7992
4557	7993
6025	7994
7167	7995
6949	7996
4098	7997
8122	7998
5085	7999
8114	8000
2530	8001
607	8002
7572	8003
6439	8004
1705	8005
2608	8006
1689	8007
1464	8008
6365	8009
6355	8010
1796	8011
2904	8012
1908	8013
205	8014
682	8015
5	8016
8274	8017
6371	8018
4274	8019
8371	8020
2573	8021
5407	8022
2834	8023
7309	8024
8828	8025
4345	8026
4301	8027
3530	8028
774	8029
150	8030
3391	8031
2707	8032
6334	8033
3311	8034
70	8035
489	8036
38	8037
2695	8038
5661	8039
5288	8040
6430	8041
1217	8042
665	8043
815	8044
993	8045
5022	8046
8166	8047
5110	8048
7829	8049
102	8050
957	8051
361	8052
679	8053
4105	8054
4238	8055
4609	8056
5556	8057
3398	8058
5711	8059
2274	8060
692	8061
8755	8062
4360	8063
3220	8064
6168	8065
5114	8066
5805	8067
3444	8068
8047	8069
6169	8070
910	8071
1723	8072
907	8073
681	8074
685	8075
1822	8076
8606	8077
418	8078
1890	8079
922	8080
3091	8081
5497	8082
6445	8083
660	8084
3849	8085
5232	8086
4672	8087
2448	8088
7430	8089
5844	8090
6556	8091
2278	8092
117	8093
6812	8094
6646	8095
1872	8096
6314	8097
2226	8098
4923	8099
7518	8100
4986	8101
2304	8102
308	8103
3111	8104
4455	8105
3620	8106
2042	8107
5093	8108
527	8109
255	8110
8210	8111
2819	8112
3624	8113
4459	8114
5088	8115
7305	8116
1565	8117
6075	8118
718	8119
5902	8120
6673	8121
159	8122
8129	8123
5998	8124
7690	8125
938	8126
7616	8127
6564	8128
160	8129
1071	8130
1807	8131
1593	8132
3238	8133
169	8134
5223	8135
8310	8136
2446	8137
6533	8138
3333	8139
8214	8140
4450	8141
204	8142
1521	8143
4054	8144
5043	8145
2496	8146
8067	8147
1501	8148
1329	8149
2840	8150
613	8151
768	8152
8428	8153
4485	8154
1145	8155
6925	8156
8171	8157
6634	8158
1339	8159
7917	8160
6086	8161
541	8162
554	8163
6693	8164
3568	8165
63	8166
3222	8167
7765	8168
4630	8169
4999	8170
1310	8171
131	8172
5804	8173
5162	8174
1055	8175
1169	8176
3660	8177
3818	8178
1757	8179
8548	8180
1045	8181
8462	8182
547	8183
5949	8184
2356	8185
449	8186
5623	8187
4768	8188
7883	8189
1627	8190
3570	8191
474	8192
5525	8193
6008	8194
4107	8195
3510	8196
2199	8197
7435	8198
7758	8199
3399	8200
871	8201
399	8202
188	8203
1259	8204
7341	8205
322	8206
3337	8207
6840	8208
5919	8209
5915	8210
3814	8211
3403	8212
677	8213
7783	8214
1335	8215
7142	8216
3125	8217
6731	8218
202	8219
3284	8220
5392	8221
6893	8222
6932	8223
4194	8224
43	8225
98	8226
4453	8227
7698	8228
894	8229
21	8230
741	8231
7410	8232
2035	8233
5821	8234
8363	8235
468	8236
2949	8237
5592	8238
2126	8239
3280	8240
4890	8241
1874	8242
1990	8243
7486	8244
848	8245
4840	8246
2565	8247
5076	8248
7251	8249
7635	8250
4585	8251
1134	8252
7577	8253
172	8254
140	8255
7338	8256
1224	8257
5	8258
7232	8259
4152	8260
919	8261
1854	8262
4713	8263
5206	8264
5040	8265
702	8266
5904	8267
6135	8268
6668	8269
7317	8270
7607	8271
3296	8272
2443	8273
6518	8274
4721	8275
5824	8276
888	8277
4250	8278
2225	8279
4458	8280
4242	8281
3949	8282
2402	8283
2379	8284
1880	8285
6739	8286
4156	8287
8694	8288
4235	8289
8352	8290
3250	8291
1159	8292
1648	8293
7848	8294
7794	8295
8669	8296
5567	8297
5643	8298
3865	8299
6393	8300
872	8301
7741	8302
6134	8303
899	8304
4390	8305
5779	8306
3772	8307
4058	8308
710	8309
7966	8310
56	8311
1199	8312
8689	8313
941	8314
2716	8315
5579	8316
264	8317
541	8318
5245	8319
7129	8320
8001	8321
1825	8322
3109	8323
8592	8324
1278	8325
8331	8326
7091	8327
5364	8328
1595	8329
5053	8330
1183	8331
5304	8332
4786	8333
4501	8334
6901	8335
84	8336
1353	8337
2020	8338
4801	8339
7297	8340
6237	8341
8183	8342
3441	8343
189	8344
3216	8345
7554	8346
5553	8347
3270	8348
734	8349
3346	8350
8009	8351
7950	8352
5802	8353
1264	8354
8434	8355
227	8356
626	8357
1110	8358
6853	8359
6128	8360
4984	8361
1496	8362
3128	8363
631	8364
947	8365
1348	8366
332	8367
1038	8368
76	8369
4818	8370
6939	8371
6212	8372
638	8373
5964	8374
6178	8375
7493	8376
29	8377
7980	8378
4752	8379
4326	8380
3051	8381
2353	8382
3566	8383
242	8384
1983	8385
2048	8386
685	8387
3074	8388
4300	8389
1974	8390
651	8391
141	8392
533	8393
3322	8394
7413	8395
1262	8396
8141	8397
5099	8398
2099	8399
5411	8400
3611	8401
5195	8402
6823	8403
8541	8404
3483	8405
1961	8406
394	8407
6804	8408
183	8409
1044	8410
2918	8411
2997	8412
7045	8413
63	8414
2247	8415
730	8416
8439	8417
6534	8418
1973	8419
8422	8420
6002	8421
6775	8422
6923	8423
7625	8424
3810	8425
2865	8426
160	8427
3897	8428
2947	8429
5591	8430
3669	8431
4878	8432
2973	8433
3401	8434
2847	8435
7022	8436
237	8437
1895	8438
587	8439
2606	8440
7561	8441
8079	8442
266	8443
2054	8444
7578	8445
8160	8446
4445	8447
1667	8448
7246	8449
4216	8450
6770	8451
5456	8452
7199	8453
6761	8454
976	8455
3564	8456
3834	8457
7171	8458
8516	8459
1525	8460
938	8461
8830	8462
254	8463
4727	8464
2059	8465
4976	8466
5713	8467
3277	8468
454	8469
397	8470
614	8471
5639	8472
3031	8473
2391	8474
3481	8475
5992	8476
6551	8477
2702	8478
234	8479
8563	8480
1805	8481
2030	8482
3502	8483
7557	8484
7221	8485
8526	8486
4651	8487
3193	8488
7684	8489
4584	8490
1017	8491
5628	8492
3477	8493
6236	8494
380	8495
5934	8496
7757	8497
1824	8498
598	8499
1431	8500
2468	8501
8338	8502
1167	8503
202	8504
484	8505
3616	8506
196	8507
4702	8508
3451	8509
7836	8510
8517	8511
3626	8512
232	8513
5191	8514
748	8515
8008	8516
883	8517
3874	8518
6696	8519
1516	8520
5222	8521
4941	8522
1011	8523
2875	8524
8414	8525
8645	8526
1878	8527
833	8528
5698	8529
2019	8530
3805	8531
4367	8532
8589	8533
123	8534
5590	8535
3166	8536
3374	8537
8357	8538
4380	8539
1020	8540
6663	8541
855	8542
6145	8543
22	8544
5756	8545
5933	8546
8253	8547
4086	8548
4580	8549
5356	8550
778	8551
6644	8552
553	8553
5446	8554
2937	8555
357	8556
7502	8557
1647	8558
7154	8559
1900	8560
3761	8561
5866	8562
5485	8563
8771	8564
3642	8565
969	8566
91	8567
1643	8568
2322	8569
8521	8570
1052	8571
1561	8572
6586	8573
3494	8574
6349	8575
562	8576
3123	8577
7272	8578
5730	8579
7231	8580
5743	8581
764	8582
2092	8583
1829	8584
937	8585
531	8586
2348	8587
7746	8588
503	8589
28	8590
2382	8591
5635	8592
6126	8593
812	8594
40	8595
1739	8596
837	8597
4807	8598
3650	8599
3895	8600
7797	8601
1336	8602
8801	8603
977	8604
58	8605
420	8606
1345	8607
703	8608
953	8609
7090	8610
4520	8611
6383	8612
534	8613
5901	8614
4089	8615
7920	8616
4694	8617
7879	8618
8278	8619
2133	8620
6226	8621
5782	8622
5507	8623
8342	8624
2625	8625
4496	8626
591	8627
2891	8628
7111	8629
2451	8630
801	8631
471	8632
3577	8633
5874	8634
7191	8635
4410	8636
3573	8637
7227	8638
75	8639
7109	8640
410	8641
5180	8642
1108	8643
3034	8644
2557	8645
7802	8646
52	8647
1330	8648
5403	8649
1875	8650
3571	8651
1414	8652
544	8653
6187	8654
339	8655
2094	8656
4085	8657
737	8658
3201	8659
4362	8660
6666	8661
6137	8662
4635	8663
4135	8664
6589	8665
3795	8666
555	8667
5009	8668
3462	8669
3415	8670
3827	8671
700	8672
4883	8673
4667	8674
3070	8675
8675	8676
6931	8677
8442	8678
345	8679
355	8680
6066	8681
871	8682
7419	8683
7770	8684
3411	8685
6837	8686
5390	8687
3637	8688
7456	8689
7647	8690
262	8691
5496	8692
1379	8693
7124	8694
2476	8695
3110	8696
4688	8697
1269	8698
6477	8699
426	8700
3338	8701
11	8702
3525	8703
6099	8704
4519	8705
7049	8706
114	8707
966	8708
5441	8709
7683	8710
1949	8711
1839	8712
97	8713
3362	8714
7655	8715
6293	8716
6819	8717
5200	8718
975	8719
4088	8720
170	8721
5814	8722
7034	8723
835	8724
504	8725
3394	8726
407	8727
7628	8728
3392	8729
7509	8730
1008	8731
4909	8732
2996	8733
5574	8734
8700	8735
8088	8736
5739	8737
5799	8738
518	8739
8477	8740
779	8741
4720	8742
5257	8743
2495	8744
3804	8745
6716	8746
3087	8747
36	8748
142	8749
7855	8750
6521	8751
1034	8752
5297	8753
5534	8754
6177	8755
3853	8756
3780	8757
4203	8758
2120	8759
72	8760
5983	8761
7488	8762
6102	8763
5604	8764
5663	8765
5728	8766
7985	8767
2894	8768
3287	8769
3966	8770
657	8771
6330	8772
5509	8773
5169	8774
3935	8775
356	8776
8396	8777
507	8778
7299	8779
8468	8780
7726	8781
709	8782
2718	8783
1203	8784
8231	8785
2600	8786
3058	8787
3127	8788
568	8789
6733	8790
7402	8791
6523	8792
891	8793
785	8794
1715	8795
756	8796
5893	8797
7484	8798
461	8799
1029	8800
7029	8801
6454	8802
5537	8803
4564	8804
6001	8805
7376	8806
8172	8807
920	8808
10	8809
4125	8810
7212	8811
4816	8812
47	8813
94	8814
4963	8815
6458	8816
894	8817
6340	8818
5690	8819
6732	8820
3584	8821
930	8822
6913	8823
2649	8824
3314	8825
8013	8826
5897	8827
2907	8828
3147	8829
66	8830
3459	8831
1107	8832
4908	8833
3921	8834
1193	8835
463	8836
3771	8837
3648	8838
357	8839
8127	8840
3126	8841
3598	8842
7149	8843
1543	8844
181	8845
5659	8846
7833	8847
224	8848
2832	8849
1263	8850
7688	8851
7160	8852
4543	8853
6484	8854
4248	8855
7806	8856
219	8857
3018	8858
5772	8859
834	8860
3429	8861
8573	8862
87	8863
186	8864
1728	8865
875	8866
2562	8867
1785	8868
575	8869
8778	8870
3894	8871
3560	8872
2510	8873
4151	8874
2588	8875
166	8876
1997	8877
889	8878
1652	8879
5234	8880
3855	8881
1356	8882
2386	8883
451	8884
251	8885
5899	8886
1545	8887
2288	8888
6558	8889
8717	8890
255	8891
2185	8892
244	8893
1877	8894
4383	8895
4277	8896
1392	8897
3092	8898
520	8899
422	8900
2132	8901
6876	8902
5859	8903
2084	8904
1025	8905
8243	8906
5121	8907
8248	8908
8249	8909
4852	8910
4948	8911
973	8912
3752	8913
239	8914
4556	8915
132	8916
6613	8917
7169	8918
1724	8919
4419	8920
8108	8921
1662	8922
8639	8923
757	8924
563	8925
781	8926
6197	8927
519	8928
780	8929
5539	8930
6882	8931
3563	8932
4700	8933
6495	8934
5152	8935
1722	8936
7719	8937
6415	8938
2295	8939
4470	8940
825	8941
1282	8942
831	8943
4358	8944
953	8945
5283	8946
8432	8947
1590	8948
6230	8949
3135	8950
2917	8951
5872	8952
29	8953
7926	8954
4905	8955
4823	8956
5406	8957
3912	8958
3489	8959
421	8960
896	8961
6045	8962
391	8963
5111	8964
8615	8965
5266	8966
6406	8967
4657	8968
8056	8969
3928	8970
7209	8971
1368	8972
1153	8973
6229	8974
2812	8975
2776	8976
27	8977
2503	8978
280	8979
5254	8980
7088	8981
481	8982
92	8983
140	8984
457	8985
3694	8986
6291	8987
2197	8988
8233	8989
5650	8990
5486	8991
5645	8992
112	8993
2036	8994
6017	8995
3414	8996
5423	8997
8230	8998
1102	8999
1001	9000
1249	9001
4777	9002
291	9003
3756	9004
655	9005
26	9006
432	9007
7441	9008
3141	9009
2109	9010
4349	9011
216	9012
3932	9013
4251	9014
4303	9015
969	9016
8424	9017
6520	9018
4232	9019
5221	9020
5577	9021
2698	9022
6952	9023
6074	9024
395	9025
7234	9026
5770	9027
2563	9028
212	9029
2818	9030
2971	9031
8542	9032
3055	9033
86	9034
5346	9035
6835	9036
839	9037
6487	9038
900	9039
7334	9040
4305	9041
66	9042
7069	9043
6097	9044
2466	9045
1649	9046
6141	9047
5325	9048
8386	9049
3157	9050
2913	9051
8037	9052
1146	9053
1184	9054
7693	9055
2517	9056
4834	9057
138	9058
3008	9059
6575	9060
5478	9061
8491	9062
7035	9063
550	9064
8747	9065
6190	9066
717	9067
5629	9068
7682	9069
6661	9070
1390	9071
5856	9072
428	9073
3693	9074
1000	9075
5227	9076
1485	9077
1031	9078
147	9079
914	9080
2611	9081
4249	9082
1165	9083
91	9084
7754	9085
5128	9086
1188	9087
3821	9088
312	9089
615	9090
7720	9091
6598	9092
7037	9093
7010	9094
983	9095
8534	9096
2135	9097
335	9098
1281	9099
4542	9100
559	9101
2623	9102
5796	9103
237	9104
4961	9105
6359	9106
5881	9107
7470	9108
5089	9109
8444	9110
3231	9111
4975	9112
367	9113
3490	9114
4236	9115
2413	9116
3345	9117
535	9118
1574	9119
1403	9120
3617	9121
354	9122
4413	9123
2284	9124
4324	9125
3890	9126
4504	9127
6335	9128
3790	9129
1621	9130
522	9131
7036	9132
6372	9133
1635	9134
461	9135
2797	9136
5316	9137
6994	9138
838	9139
2551	9140
501	9141
3579	9142
3167	9143
7671	9144
6150	9145
2857	9146
7363	9147
6486	9148
2025	9149
6342	9150
8234	9151
1296	9152
8495	9153
3755	9154
1426	9155
968	9156
7601	9157
4778	9158
6448	9159
4368	9160
7680	9161
787	9162
4821	9163
7874	9164
7632	9165
1066	9166
7800	9167
2449	9168
1756	9169
653	9170
4267	9171
8024	9172
5081	9173
3145	9174
6740	9175
4052	9176
442	9177
6825	9178
3498	9179
6479	9180
3474	9181
2073	9182
3118	9183
701	9184
365	9185
8570	9186
4913	9187
1704	9188
573	9189
933	9190
1386	9191
1223	9192
3945	9193
2644	9194
3938	9195
4936	9196
3779	9197
6648	9198
509	9199
8646	9200
836	9201
3274	9202
7252	9203
1744	9204
2079	9205
3988	9206
2659	9207
3389	9208
930	9209
725	9210
7005	9211
8192	9212
7350	9213
570	9214
7012	9215
2890	9216
5961	9217
4140	9218
2483	9219
1168	9220
5348	9221
3343	9222
6786	9223
5918	9224
7042	9225
855	9226
6469	9227
5490	9228
6929	9229
4004	9230
2442	9231
6344	9232
4178	9233
618	9234
4746	9235
7906	9236
6588	9237
690	9238
6395	9239
2068	9240
5863	9241
3077	9242
4565	9243
3644	9244
675	9245
2245	9246
359	9247
803	9248
1794	9249
3910	9250
3923	9251
738	9252
385	9253
3842	9254
306	9255
3917	9256
5131	9257
6401	9258
1220	9259
8285	9260
3817	9261
86	9262
7498	9263
449	9264
1684	9265
8524	9266
2643	9267
4607	9268
2583	9269
8788	9270
6842	9271
3324	9272
963	9273
1915	9274
1532	9275
4348	9276
2578	9277
1733	9278
329	9279
4814	9280
7777	9281
21	9282
3496	9283
5633	9284
8758	9285
6108	9286
5098	9287
3281	9288
3064	9289
7405	9290
8582	9291
6820	9292
3307	9293
8602	9294
7779	9295
7983	9296
7463	9297
139	9298
6852	9299
2688	9300
914	9301
7478	9302
5489	9303
36	9304
4935	9305
1555	9306
2954	9307
6031	9308
275	9309
8751	9310
6965	9311
6827	9312
414	9313
8545	9314
2071	9315
30	9316
832	9317
8696	9318
4498	9319
8506	9320
5776	9321
5762	9322
7070	9323
223	9324
276	9325
4134	9326
548	9327
45	9328
8219	9329
8138	9330
7581	9331
1119	9332
2215	9333
5443	9334
3812	9335
6491	9336
6112	9337
8493	9338
6378	9339
1082	9340
5172	9341
2242	9342
972	9343
8154	9344
335	9345
77	9346
8026	9347
2502	9348
2576	9349
5171	9350
7366	9351
7442	9352
8011	9353
2171	9354
4650	9355
5652	9356
1584	9357
3271	9358
4611	9359
2485	9360
6806	9361
4168	9362
7076	9363
970	9364
8447	9365
3783	9366
6686	9367
8316	9368
7320	9369
4224	9370
3	9371
429	9372
2950	9373
60	9374
4170	9375
5777	9376
26	9377
6183	9378
479	9379
23	9380
3133	9381
5520	9382
8734	9383
6830	9384
5813	9385
5869	9386
1782	9387
658	9388
1957	9389
6722	9390
39	9391
8146	9392
6683	9393
5540	9394
3357	9395
7375	9396
8237	9397
3601	9398
3043	9399
3838	9400
3606	9401
4513	9402
6982	9403
5930	9404
3467	9405
2168	9406
443	9407
5416	9408
2486	9409
419	9410
7247	9411
34	9412
107	9413
1250	9414
823	9415
7809	9416
3103	9417
5531	9418
5322	9419
278	9420
4917	9421
1946	9422
8756	9423
379	9424
1384	9425
7851	9426
4391	9427
2879	9428
3825	9429
3170	9430
4910	9431
6271	9432
2909	9433
6863	9434
1430	9435
2965	9436
6387	9437
5548	9438
7467	9439
2282	9440
8765	9441
431	9442
8709	9443
5414	9444
8229	9445
77	9446
8080	9447
5391	9448
5291	9449
4097	9450
7618	9451
5669	9452
5854	9453
5793	9454
316	9455
4570	9456
286	9457
6462	9458
4897	9459
4441	9460
8063	9461
3831	9462
5102	9463
6077	9464
4298	9465
2613	9466
838	9467
3628	9468
4921	9469
3645	9470
7461	9471
8301	9472
3282	9473
5005	9474
1289	9475
606	9476
1218	9477
5569	9478
250	9479
7573	9480
179	9481
808	9482
8556	9483
5060	9484
1633	9485
3240	9486
6152	9487
2429	9488
5417	9489
4263	9490
5908	9491
4020	9492
4920	9493
3557	9494
6042	9495
1497	9496
1914	9497
48	9498
6081	9499
1672	9500
7998	9501
1927	9502
2190	9503
7459	9504
3972	9505
1918	9506
2106	9507
5979	9508
7532	9509
1945	9510
8308	9511
3421	9512
1406	9513
4005	9514
4734	9515
7803	9516
7423	9517
8786	9518
3773	9519
3647	9520
6914	9521
5256	9522
4240	9523
3275	9524
1444	9525
1454	9526
470	9527
248	9528
54	9529
833	9530
6285	9531
4363	9532
165	9533
667	9534
7330	9535
1645	9536
1020	9537
3263	9538
2051	9539
2332	9540
337	9541
1021	9542
1631	9543
7812	9544
4387	9545
3146	9546
2349	9547
324	9548
6165	9549
5287	9550
1515	9551
7916	9552
2595	9553
163	9554
4210	9555
5958	9556
8626	9557
4509	9558
657	9559
4517	9560
118	9561
6244	9562
5748	9563
5125	9564
7732	9565
4914	9566
2029	9567
5692	9568
6891	9569
4172	9570
981	9571
52	9572
7545	9573
2906	9574
1242	9575
7892	9576
765	9577
7718	9578
6381	9579
232	9580
3995	9581
6626	9582
789	9583
4131	9584
7546	9585
6868	9586
4257	9587
3223	9588
6964	9589
7819	9590
6676	9591
777	9592
6298	9593
6976	9594
4330	9595
3083	9596
5477	9597
1473	9598
6015	9599
7913	9600
7280	9601
5803	9602
5688	9603
2748	9604
2490	9605
3733	9606
7416	9607
1438	9608
6318	9609
4742	9610
6651	9611
5166	9612
5887	9613
4243	9614
5729	9615
8691	9616
407	9617
4554	9618
3302	9619
107	9620
5272	9621
6656	9622
1865	9623
5342	9624
6500	9625
2228	9626
643	9627
319	9628
8394	9629
3864	9630
4578	9631
7203	9632
2974	9633
6726	9634
3807	9635
5699	9636
2031	9637
829	9638
7497	9639
988	9640
3760	9641
5610	9642
7986	9643
344	9644
7200	9645
6265	9646
6295	9647
3264	9648
8216	9649
8443	9650
2886	9651
931	9652
2137	9653
42	9654
6139	9655
579	9656
515	9657
1905	9658
3251	9659
5976	9660
7940	9661
1787	9662
8298	9663
36	9664
6809	9665
8102	9666
62	9667
2200	9668
1185	9669
3257	9670
1676	9671
3861	9672
3200	9673
4475	9674
3447	9675
59	9676
6336	9677
3576	9678
1408	9679
1929	9680
423	9681
2055	9682
5602	9683
69	9684
927	9685
6123	9686
8092	9687
8335	9688
664	9689
4075	9690
4937	9691
8740	9692
6308	9693
7755	9694
564	9695
8304	9696
6062	9697
3113	9698
1512	9699
3672	9700
5640	9701
937	9702
8657	9703
7781	9704
4968	9705
7476	9706
3235	9707
991	9708
6894	9709
206	9710
6111	9711
665	9712
84	9713
4934	9714
4658	9715
3709	9716
6255	9717
1994	9718
5530	9719
2021	9720
3635	9721
915	9722
2862	9723
4686	9724
6416	9725
8	9726
1486	9727
31	9728
2104	9729
5018	9730
7973	9731
7009	9732
4627	9733
7	9734
274	9735
5828	9736
8433	9737
4118	9738
7256	9739
6326	9740
6447	9741
269	9742
7447	9743
7344	9744
1423	9745
3711	9746
5751	9747
24	9748
843	9749
1968	9750
6920	9751
439	9752
8497	9753
6970	9754
7056	9755
8165	9756
204	9757
3007	9758
2687	9759
5136	9760
922	9761
4904	9762
8599	9763
928	9764
3621	9765
2924	9766
71	9767
792	9768
3886	9769
942	9770
3237	9771
7590	9772
5003	9773
3747	9774
2541	9775
4561	9776
293	9777
1362	9778
5943	9779
5637	9780
99	9781
8530	9782
1037	9783
8796	9784
1549	9785
7852	9786
6231	9787
7403	9788
6511	9789
2360	9790
2607	9791
1026	9792
44	9793
8464	9794
7146	9795
1064	9796
2846	9797
5402	9798
7555	9799
4096	9800
742	9801
8480	9802
482	9803
7510	9804
640	9805
7878	9806
2300	9807
6005	9808
692	9809
2038	9810
2351	9811
7457	9812
4480	9813
1939	9814
5725	9815
3769	9816
986	9817
3750	9818
954	9819
750	9820
6915	9821
3161	9822
6010	9823
2156	9824
786	9825
8776	9826
4799	9827
706	9828
4830	9829
7267	9830
720	9831
8411	9832
5937	9833
6810	9834
5020	9835
6681	9836
7397	9837
1830	9838
2769	9839
3066	9840
1931	9841
5026	9842
5094	9843
6843	9844
6203	9845
4822	9846
8421	9847
4106	9848
7859	9849
4065	9850
7742	9851
710	9852
3926	9853
3518	9854
2991	9855
679	9856
1604	9857
6224	9858
1699	9859
3506	9860
1563	9861
3536	9862
1576	9863
4762	9864
1876	9865
6515	9866
7515	9867
6539	9868
523	9869
7000	9870
6140	9871
2170	9872
8317	9873
8455	9874
4499	9875
3478	9876
6833	9877
7531	9878
6854	9879
287	9880
3428	9881
8764	9882
295	9883
6542	9884
6881	9885
4653	9886
2617	9887
4664	9888
793	9889
2780	9890
5137	9891
61	9892
635	9893
6153	9894
217	9895
5636	9896
2640	9897
2675	9898
532	9899
7824	9900
7706	9901
4396	9902
3198	9903
2513	9904
392	9905
561	9906
7092	9907
3922	9908
217	9909
790	9910
6560	9911
6555	9912
129	9913
17	9914
5444	9915
4404	9916
8463	9917
139	9918
4906	9919
4008	9920
7506	9921
8282	9922
3199	9923
622	9924
4431	9925
512	9926
234	9927
2111	9928
5080	9929
5868	9930
7672	9931
58	9932
395	9933
948	9934
4214	9935
2492	9936
1037	9937
5251	9938
4571	9939
758	9940
2431	9941
4402	9942
3905	9943
1952	9944
7958	9945
5551	9946
8135	9947
932	9948
3640	9949
5564	9950
2434	9951
864	9952
1554	9953
230	9954
2825	9955
1912	9956
3593	9957
5794	9958
3196	9959
248	9960
1790	9961
549	9962
6071	9963
2567	9964
2	9965
3774	9966
4220	9967
5726	9968
5671	9969
8583	9970
1407	9971
5895	9972
2418	9973
4474	9974
7925	9975
7900	9976
1802	9977
355	9978
4079	9979
158	9980
40	9981
7038	9982
476	9983
4	9984
41	9985
6942	9986
8050	9987
8682	9988
652	9989
4146	9990
5605	9991
6730	9992
2811	9993
8292	9994
2753	9995
2756	9996
2384	9997
7993	9998
5524	9999
109	10000
